0.000000000000000000
0.000000000000000000
0.000000000000000000
0.000000000000000000
0.000000000000000000
0.000000000000000000
0.000000000000000000
0.011292406200000001
0.022690098200000001
0.025729482800000002
0.024969636600000001
0.025666165500000001
0.030351876900000001
0.033897828800000002
0.051690886100000000
0.081261558600000006
0.177825220000000006
0.652980527999999949
0.931209108000000008
0.986550848000000036
0.987310694000000044
0.991996376000000013
0.994465857000000009
0.993516058999999951
1.002634150000000002
0.996365462999999951
1.006370030000000027
1.012575400000000014
1.022200049999999916
1.019034039999999974
1.020363759999999953
1.022896569999999894
1.020617040000000086
1.022833249999999916
1.029608489999999987
1.025239400000000023
1.027392290000000097
1.030938209999999966
1.034104219999999907
1.031001540000000105
1.030874889999999988
1.041069419999999912
1.032267929999999945
1.031001540000000105
1.032964449999999923
1.031318139999999994
1.034420820000000019
1.031064860000000083
1.031761380000000061
1.033977579999999952
1.024289610000000073
1.026442489999999985
1.023276489999999983
1.021250240000000087
1.022453330000000049
1.022453330000000049
1.013208600000000015
1.016184640000000083
1.015551440000000083
1.012702039999999970
1.017071119999999995
1.013968430000000032
1.013968430000000032
1.013588520000000104
1.007699750000000005
1.012638710000000053
1.006496669999999982
1.003014070000000091
1.000671220000000083
0.998771626000000023
0.995605617000000054
0.996175500999999963
0.994782453000000011
0.988387126000000005
0.987817250999999952
0.992819539999999945
0.991679771000000043
0.982371722999999974
0.986740809000000052
0.983448164999999985
0.986234250999999951
0.982055126999999972
0.979142405000000049
0.980282164999999983
0.972430472999999962
0.969454433999999976
0.963882262000000045
0.966731664999999962
0.969074510999999972
0.959639818999999950
0.959703136999999984
0.966161790000000020
0.957930174999999995
0.958879973000000052
0.959956414999999952
0.958056818999999948
0.948875405999999977
0.949508608000000032
0.945456117999999957
0.946532559999999967
0.942543397000000005
0.937794397000000002
0.941087040999999958
0.939124117999999952
0.934565069999999998
0.932728790999999946
0.936401349000000049
0.931778982999999950
0.924940415999999987
0.928296377999999978
0.926903338999999993
0.925573618000000042
0.926586742999999990
0.923737338999999991
0.925067060000000052
0.914809204999999959
0.913669445000000024
0.913669445000000024
0.907527396999999958
0.905121233999999997
0.902018550999999946
0.900562186000000042
0.898789224000000053
0.897016263000000036
0.896193098999999993
0.892900455000000037
0.890051051000000037
0.887644887999999965
0.883085841999999954
0.885618648000000008
0.880932958000000044
0.883529082000000021
0.878146874999999993
0.870421824000000011
0.872131466000000022
0.867889020000000011
0.865989416999999984
0.868268939999999989
0.864153135000000017
0.863836534000000045
0.855794881999999979
0.860733849000000051
0.855604922000000045
0.854971720999999962
0.853958599000000040
0.850792595000000040
0.846423507999999991
0.846360188000000013
0.846866749000000030
0.846360188000000013
0.837368734000000003
0.835469130999999976
0.833252927999999948
0.825717836000000038
0.823818233000000011
0.818815944000000018
0.813370414999999958
0.817612862000000051
0.824578072999999967
0.816283140000000018
0.813687016000000041
0.807671605000000015
0.803935719000000049
0.800516432999999972
0.798933430000000055
0.798110269000000039
0.795134224000000001
0.784623084999999998
0.787345850000000014
0.780317316999999955
0.772972184000000007
0.777657872999999999
0.768603095000000014
0.773478745000000023
0.770122779000000035
0.763094245000000004
0.761574563000000038
0.757775355000000039
0.758915118000000000
0.755939071999999990
0.746757652999999966
0.747200894999999976
0.744604770000000027
0.740932201999999984
0.734663509999999964
0.733397107000000048
0.729281297999999967
0.713767865999999973
0.721113000999999976
0.716490631999999961
0.712058222000000018
0.708005733000000026
0.705536248000000032
0.700280676999999963
0.702433560999999984
0.693188820000000039
0.694708503999999949
0.682424392000000046
0.680778074999999983
0.676472305999999968
0.668177364000000051
0.670140286999999946
0.662478546999999973
0.652410642999999957
0.652283999000000003
0.649054671999999999
0.645762028000000043
0.639999893000000042
0.632528113999999975
0.633477913000000004
0.624803057000000051
0.626892615000000042
0.617647873999999986
0.612962181999999967
0.608719730000000014
0.599031740000000035
0.595169210999999976
0.590230240000000017
0.570284374999999955
0.577059635000000015
0.572817182999999952
0.561989433000000038
0.553694491000000011
0.551731557999999955
0.548692193000000050
0.541093770000000029
0.534255184000000050
0.527036684000000033
0.523174146000000007
0.509876905000000047
0.508673818999999972
0.502468433999999964
0.490120991999999978
0.488474666000000002
0.474037655999999974
0.467325714000000003
0.460487128000000023
0.452445454999999996
0.443390657000000021
0.433132781999999994
0.425091109000000023
0.416036310999999992
0.407488071000000007
0.401219368999999992
0.391404725000000009
0.381020197000000005
0.370002465999999974
0.360567744999999995
0.350056572000000010
0.336126111000000005
0.331313764999999982
0.319472870999999992
0.304592591999999995
0.288319266000000018
0.279264457999999993
0.272425862000000019
0.256342497000000002
0.246591161000000003
0.235320131999999987
0.224429027000000003
0.208978853999999992
0.207269210000000009
0.185803594999999988
0.185740278000000009
0.173456113999999995
0.165920989999999990
0.157309413000000009
0.144708643999999997
0.143822163000000003
0.131031433000000003
0.122546489999999994
0.122039933000000003
0.107982788999999996
0.107096308000000001
0.106399779000000000
0.095825260199999998
0.094558856400000002
0.090253058400000002
0.081704798900000000
0.080438385500000001
0.073346491400000005
0.073726414500000004
0.070813674199999996
0.061885491700000003
0.062392049300000002
0.062582010899999999
0.059162703300000001
0.054983559100000003
0.053780463000000001
0.052260770700000000
0.042446097799999999
0.050171193800000000
0.048018299600000001
0.047765020800000002
0.047448415000000001
0.042129492099999999
0.040356520899999998
0.042382780500000002
0.029465396200000001
0.040863088200000001
0.036620607600000001
0.032884703799999998
0.038013665199999998
0.031871569199999998
0.032441453799999999
0.026615973200000000
0.028705550000000000
0.023006703999999999
0.026299367399999999
0.024969636600000001
0.028325626999999999
0.027629098099999999
0.024716357800000002
0.025349559700000000
0.026236050100000002
0.026489328900000001
0.025159598200000001
0.020663838699999999
0.023386627100000001
0.022500136699999999
0.021360367500000001
0.021297050200000001
0.024336434699999999
0.020093954099999999
0.012748781100000000
0.019397434799999998
0.019840675200000001
0.026426011600000000
0.022690098200000001
0.015154954199999999
0.019840675200000001
0.012242213800000000
0.019144146399999999
0.009202829280000000
0.015788165699999999
0.020980444399999999
0.014268473400000000
0.013192021500000000
0.015914800300000000
0.011735646500000000
0.014078511900000000
0.012305531099999999
0.019334107900000001
0.016484684900000001
0.011798973500000001
0.015281598400000001
0.016231406100000002
0.015154954199999999
0.013888550300000000
0.014901675300000000
0.010152637000000001
0.018131021399999999
0.012242213800000000
0.010405915800000000
0.005720194740000000
0.005656877430000000
0.007303213940000000
0.006859963940000000
0.009012867750000000
0.011545685000000000
0.008189694690000001
0.010595877300000001
0.011039127300000000
0.011672329200000000
0.009772713880000001
0.009456108120000001
0.006480040880000000
0.006923290870000000
0.007303213940000000
0.005910156270000000
0.007683137000000000
0.005783521660000000
0.001731002510000000
0.002174252500000000
0.000000000000000000
0.006859963940000000
0.008316338910000000
0.008886223520000000
0.008253021609999999
0.008126377380000001
0.005783521660000000
0.006733329330000000
0.011102444600000001
0.004137185150000000
0.006606685100000000
0.004517108220000000
0.000000000000000000
0.005466915900000000
0.007049925480000000
0.003883906310000000
0.007873098540000000
0.004010540930000000
0.005276954360000000
0.000527915998000000
0.010595877300000001
0.008632944680000001
0.006290079340000000
0.005340271670000000
0.006480040880000000
0.001794329430000000
