0.010452
0.0099703
0.0092115
0.0086211
0.0084265
0.00869
0.0091198
0.009731
0.010285
0.010771
0.01109
0.011298
0.011001
0.010217
0.0092309
0.0085993
0.0082318
0.0081384
0.0082957
0.0087965
0.0092145
0.0095126
0.0097616
0.010096
0.010112
0.0099141
0.00982
0.010108
0.010189
0.0097162
0.0087825
0.0081171
0.0079076
0.0079852
0.0076818
0.0068449
0.0057046
0.0050267
0.0048834
0.0047958
0.0039722
0.0027204
0.0019461
0.0025545
0.0041344
0.005736
0.0064941
0.0067358
0.0070524
0.0077651
0.0081605
0.0077385
0.0065882
0.0056538
0.0054099
0.0059748
0.0069443
0.008042
0.0086591
0.0086213
0.0080286
0.0073528
0.0064151
0.0050585
0.0032859
0.0016882
0.00050765
0
9.3283e-05
0.00069278
0.001227
0.0016494
0.0021646
0.0030824
0.004033
0.0050101
0.0062325
0.0079443
0.0094996
0.010446
0.010694
0.010643
0.01022
0.0095221
0.0086505
0.00794
0.0072551
0.0066673
0.006188
0.0060123
0.0059336
0.005993
0.0060979
0.0062977
0.0063919
0.0066683
0.0073815
0.0086654
0.0099421
0.010807
0.011184
0.011709
0.012814
0.014474
0.015934
0.016807
0.017468
0.018832
0.021117
0.023858
0.0265
0.029211
0.032583
0.037308
0.043823
0.052407
0.063221
0.076441
0.092229
0.11108
0.13413
0.16297
0.19878
0.24206
0.29282
0.35045
0.41291
0.47676
0.53811
0.59361
0.64052
0.67704
0.70276
0.71874
0.72689
0.72971
0.72945
0.72743
0.72401
0.71965
0.71512
0.71081
0.70632
0.70124
0.69557
0.68941
0.68268
0.67547
0.66812
0.66071
0.65306
0.64511
0.63735
0.63024
0.62394
0.61814
0.61274
0.60786
0.60399
0.6012
0.59926
0.59768
0.59632
0.59495
0.59333
0.59109
0.5885
0.58599
0.58391
0.58204
0.58024
0.57864
0.57774
0.57771
0.57834
0.5789
0.57907
0.57914
0.57985
0.58124
0.58258
0.58313
0.58321
0.58357
0.58463
0.58609
0.58774
0.58954
0.59172
0.59414
0.59656
0.59853
0.59999
0.60127
0.60285
0.60453
0.60579
0.60642
0.60709
0.60835
0.61003
0.61129
0.61188
0.61216
0.61293
0.61448
0.61671
0.61911
0.62156
0.62424
0.62746
0.63088
0.63392
0.6362
0.63804
0.64
0.64256
0.64538
0.64777
0.64938
0.65098
0.65341
0.65658
0.65947
0.66176
0.66385
0.66633
0.66925
0.6726
0.67605
0.67919
0.68177
0.68431
0.68714
0.69036
0.69377
0.69745
0.70106
0.70415
0.70665
0.70916
0.71176
0.71413
0.71596
0.71782
0.72017
0.72325
0.72683
0.73085
0.73509
0.73959
0.74425
0.74906
0.7538
0.75863
0.76364
0.76898
0.77451
0.78044
0.78656
0.79244
0.79772
0.80297
0.80859
0.81442
0.81969
0.82459
0.82958
0.83511
0.84087
0.84666
0.85215
0.85748
0.86297
0.86927
0.87622
0.88343
0.89053
0.89787
0.90523
0.91224
0.91845
0.92422
0.92962
0.93463
0.93896
0.94296
0.9469
0.9511
0.95518
0.95882
0.96164
0.96406
0.96638
0.96889
0.9713
0.97361
0.97566
0.97762
0.97936
0.98111
0.9828
0.98447
0.98583
0.98703
0.988
0.98896
0.98973
0.99038
0.99059
0.99047
0.99018
0.99033
0.99087
0.99157
0.99195
0.99232
0.99276
0.99329
0.99348
0.99368
0.99417
0.99527
0.99654
0.99788
0.99895
0.99976
1
0.99983
0.99903
0.9977
0.99594
0.99458
0.99401
0.99435
0.99487
0.99514
0.99486
0.9947
0.99502
0.99572
0.9957
0.99461
0.99282
0.9914
0.99053
0.99011
0.98951
0.98863
0.98751
0.98684
0.98659
0.98623
0.98511
0.9838
0.98261
0.98142
0.97964
0.97778
0.97628
0.97513
0.97363
0.9718
0.96967
0.96764
0.96593
0.96515
0.96493
0.9646
0.96376
0.96331
0.96354
0.96386
0.96336
0.9625
0.96183
0.96145
0.96065
0.95949
0.95813
0.95684
0.95548
0.95438
0.9535
0.95278
0.95195
0.95125
0.95054
0.94971
0.94854
0.94732
0.94591
0.94444
0.94307
0.94241
0.94226
0.94213
0.94147
0.94059
0.93966
0.93866
0.93709
0.93507
0.93295
0.93146
0.93053
0.92992
0.92907
0.92804
0.92697
0.9262
0.92529
0.92383
0.92148
0.91896
0.91682
0.91522
0.91358
0.91193
0.91048
0.90959
0.90897
0.90849
0.90785
0.90703
0.90585
0.90452
0.90293
0.90125
0.8996
0.89846
0.8975
0.89622
0.89432
0.8926
0.89147
0.89063
0.88924
0.88744
0.88572
0.88458
0.88372
0.88294
0.88187
0.88059
0.87922
0.87814
0.8771
0.87578
0.87385
0.87172
0.86957
0.86755
0.8655
0.86362
0.86185
0.86022
0.85849
0.8568
0.85506
0.85347
0.85201
0.85086
0.84978
0.84869
0.84732
0.84576
0.84387
0.84169
0.83921
0.83688
0.83484
0.83309
0.83123
0.82939
0.82765
0.82614
0.82451
0.82279
0.82096
0.81916
0.8172
0.81527
0.81328
0.81113
0.80856
0.80594
0.80355
0.80153
0.79967
0.79815
0.79687
0.7957
0.79449
0.79359
0.79287
0.79183
0.79005
0.78804
0.78599
0.7835
0.78006
0.77628
0.77298
0.77036
0.76771
0.76477
0.76171
0.75914
0.75729
0.75615
0.75506
0.7536
0.7518
0.75025
0.74888
0.74728
0.7451
0.74266
0.74007
0.73724
0.73404
0.73099
0.72841
0.72627
0.72401
0.72147
0.71881
0.71661
0.71506
0.71409
0.71307
0.71152
0.70914
0.70618
0.703
0.70007
0.69734
0.69457
0.6915
0.68856
0.68607
0.68393
0.68161
0.67911
0.6766
0.67403
0.6711
0.66813
0.66548
0.66306
0.66024
0.65695
0.65342
0.64989
0.64632
0.64282
0.63924
0.63557
0.63207
0.62933
0.62713
0.62472
0.6218
0.61906
0.61684
0.61471
0.61208
0.60921
0.60643
0.6036
0.60024
0.59646
0.59264
0.58897
0.5852
0.58121
0.57709
0.57331
0.57037
0.56848
0.56696
0.56485
0.56174
0.55833
0.55529
0.55256
0.54954
0.54605
0.54233
0.53865
0.535
0.53141
0.52778
0.52406
0.52011
0.51601
0.51197
0.50832
0.50516
0.50206
0.4983
0.49374
0.48898
0.48475
0.48114
0.47786
0.47468
0.47154
0.46842
0.46529
0.46198
0.45823
0.45387
0.44906
0.44403
0.43901
0.43421
0.4298
0.42569
0.42168
0.41789
0.41463
0.41188
0.40921
0.4063
0.40316
0.39972
0.39571
0.39102
0.38592
0.3808
0.37568
0.37038
0.36491
0.35975
0.35527
0.35134
0.34742
0.3433
0.33922
0.33544
0.33168
0.32744
0.32266
0.31784
0.31329
0.3088
0.30397
0.29896
0.29437
0.29066
0.2876
0.28453
0.2809
0.27675
0.27246
0.26835
0.26431
0.26005
0.25524
0.24997
0.24475
0.24024
0.23634
0.23238
0.22771
0.22248
0.21715
0.21213
0.20741
0.20297
0.19878
0.19517
0.19233
0.19006
0.18771
0.18519
0.18277
0.18051
0.17763
0.1736
0.16882
0.16436
0.16062
0.15731
0.15387
0.15019
0.14646
0.14323
0.14068
0.13853
0.13599
0.13295
0.12992
0.12758
0.12579
0.12417
0.12235
0.12043
0.11838
0.11633
0.1142
0.112
0.10951
0.10688
0.1043
0.1021
0.10028
0.098828
0.097457
0.096056
0.094537
0.093234
0.092203
0.091215
0.089644
0.087512
0.085383
0.084128
0.083774
0.083777
0.083354
0.082539
0.081724
0.081294
0.080819
0.079831
0.078121
0.076162
0.074323
0.073075
0.072636
0.073076
0.073691
0.07389
0.073552
0.073276
0.073161
0.072887
0.071825
0.069949
0.067545
0.06541
0.06397
0.06316
0.06224
0.061007
0.059675
0.058685
0.057895
0.057266
0.056709
0.056351
0.056077
0.056069
0.056319
0.056805
0.057082
0.056823
0.05559
0.05358
0.051358
0.049687
0.048435
0.04726
0.04605
0.045438
0.045677
0.046593
0.047409
0.047664
0.047218
0.046715
0.046574
0.046758
0.046608
0.046106
0.045613
0.045542
0.04549
0.045019
0.043747
0.041903
0.039858
0.038361
0.037735
0.038004
0.038646
0.039467
0.040383
0.041597
0.042812
0.043611
0.043455
0.042561
0.041422
0.040733
0.040553
0.040776
0.041001
0.041213
0.041417
0.041876
0.042361
0.042483
0.041612
0.03983
0.037615
0.035771
0.034428
0.033487
0.032712
0.032425
0.032724
0.033478
0.034
0.034018
0.033573
0.033231
0.033157
0.033313
0.0333
0.033189
0.033051
0.033026
0.03279
0.032311
0.031681
0.031372
0.031434
0.031796
0.032025
0.032057
0.03183
0.031483
0.030789
0.029863
0.028987
0.028764
0.029119
0.029736
0.030184
0.030706
0.031489
0.032588
0.033375
0.033423
0.032648
0.031834
0.031515
0.031694
0.031575
0.030915
0.03002
0.029574
0.029451
0.029255
0.02856
0.027687
0.027002
0.02698
0.027548
0.02848
0.029163
0.029432
0.02927
0.028912
0.02812
0.026851
0.025177
0.023607
0.022301
0.021498
0.021229
0.021633
0.022366
0.023239
0.024004
0.02467
0.024941
0.024885
0.024564
0.024102
0.023129
0.021752
0.020455
0.020031
0.020464
0.021423
0.02231
0.022945
0.023139
0.023151
0.023142
0.023324
0.023416
0.023333
0.022935
0.022443
0.021947
0.021854
0.02217
0.022631
0.022554
0.022105
0.021985
0.022831
0.023912
0.024218
0.02328
0.021819
0.020402
0.019339
0.018508
0.018101
0.018044
0.018292
0.018477
0.018541
0.018385
0.018224
0.017817
0.016858
0.015192
0.013858
0.013873
0.015146
0.016001
0.015509
0.014345
0.014073
0.014751
0.01532
0.01481
0.013801
0.013262
0.013779
0.014744
0.015416
0.015312
0.014942
0.014744
0.014767
0.014386
0.013643
0.012964
0.012766
0.012548
0.012079
0.011593
0.011729
0.012323
0.013075
0.013739
0.014545
0.015294
0.015829
0.01588
0.015519
0.014619
0.013539
0.012699
0.012504
0.012568
0.012677
0.012854
0.013457
0.014178
0.014688
0.014665
0.014242
0.013358
0.01235
0.011478
0.010978
0.01051
0.01011
0.009924
0.010147
0.010317
0.010305
0.010218
0.010401
0.01053
0.010396
0.0099613
0.0096516
0.0094563
0.0093784
0.009228
0.0091058
