0.014499
0.014738
0.015493
0.01627
0.016727
0.017078
0.017463
0.01804
0.018494
0.018648
0.018257
0.017517
0.016711
0.016342
0.016255
0.016159
0.015982
0.016382
0.017436
0.018562
0.01887
0.018412
0.017665
0.017287
0.017266
0.017328
0.016976
0.016433
0.016121
0.016409
0.016978
0.017566
0.017771
0.017511
0.016912
0.016734
0.017231
0.017997
0.01819
0.017887
0.017584
0.017685
0.017669
0.017037
0.015727
0.014609
0.014243
0.014513
0.014643
0.014611
0.014921
0.016052
0.017466
0.018451
0.018592
0.018359
0.018374
0.01912
0.020308
0.021434
0.022136
0.022775
0.023909
0.025982
0.028895
0.032367
0.036306
0.041222
0.047827
0.056412
0.066653
0.078214
0.091291
0.10637
0.12372
0.14331
0.1652
0.18963
0.21691
0.24737
0.28159
0.32035
0.36457
0.41496
0.47171
0.53363
0.59821
0.66258
0.7244
0.7814
0.83094
0.87073
0.90027
0.92053
0.93287
0.93847
0.93882
0.93565
0.93057
0.92468
0.91854
0.91193
0.90463
0.89719
0.89089
0.88588
0.88121
0.87591
0.87071
0.86675
0.86455
0.86332
0.86229
0.86094
0.8596
0.85868
0.85861
0.85882
0.85876
0.8582
0.85798
0.85854
0.8599
0.8613
0.86257
0.86378
0.86555
0.86792
0.87067
0.8731
0.87518
0.87708
0.87932
0.88173
0.88419
0.88642
0.88871
0.89119
0.89413
0.8972
0.9002
0.9027
0.90475
0.90638
0.9081
0.91013
0.91266
0.91535
0.91824
0.92133
0.9249
0.92867
0.93267
0.93665
0.94064
0.94425
0.9475
0.95017
0.9525
0.95457
0.9567
0.95858
0.96013
0.96145
0.96346
0.96642
0.97004
0.97339
0.97629
0.97871
0.98096
0.98271
0.98382
0.98416
0.9845
0.98531
0.98677
0.98825
0.98979
0.99145
0.99332
0.99472
0.99549
0.9956
0.99554
0.99538
0.99547
0.99559
0.99555
0.99522
0.99539
0.99633
0.99771
0.99866
0.9993
0.9997
1
0.99996
0.99993
0.99974
0.99927
0.99847
0.99814
0.99837
0.99876
0.99853
0.99796
0.99739
0.99726
0.99733
0.99758
0.99753
0.9972
0.99653
0.99592
0.99515
0.99411
0.99262
0.99121
0.99009
0.98956
0.98927
0.98909
0.98859
0.98791
0.98698
0.98607
0.98506
0.98414
0.98314
0.9821
0.98071
0.97914
0.97729
0.97537
0.9733
0.97132
0.96931
0.96736
0.96533
0.96353
0.96188
0.96045
0.95896
0.95752
0.95594
0.95434
0.95258
0.95094
0.94936
0.94791
0.94641
0.94521
0.94445
0.94434
0.94443
0.94452
0.94421
0.94355
0.94243
0.94115
0.93954
0.93766
0.93544
0.93347
0.93201
0.93119
0.93058
0.93017
0.92967
0.929
0.92777
0.92616
0.9243
0.9226
0.92101
0.91959
0.91822
0.91744
0.9175
0.91829
0.91868
0.91798
0.91618
0.91428
0.91251
0.91056
0.90778
0.90469
0.90203
0.90026
0.89872
0.89708
0.89544
0.89445
0.89391
0.89344
0.89273
0.89234
0.89252
0.89306
0.89283
0.89152
0.88966
0.88833
0.88731
0.88567
0.88268
0.8792
0.87627
0.87436
0.87275
0.87118
0.86976
0.86913
0.8692
0.86969
0.87003
0.87018
0.87004
0.86971
0.86884
0.86742
0.86554
0.86383
0.86246
0.86147
0.86051
0.85958
0.85844
0.85706
0.85533
0.85364
0.85189
0.84987
0.8472
0.84444
0.84223
0.84096
0.84008
0.83917
0.83789
0.83654
0.8353
0.83444
0.83366
0.83277
0.83158
0.83052
0.82956
0.82852
0.82697
0.82514
0.8231
0.82091
0.81839
0.81585
0.81346
0.81142
0.80959
0.80817
0.80707
0.80626
0.80543
0.80458
0.80362
0.80271
0.80189
0.80132
0.80062
0.79954
0.79796
0.79642
0.79515
0.79404
0.79243
0.79008
0.78709
0.7841
0.7813
0.77859
0.77563
0.77281
0.77067
0.76965
0.76934
0.76924
0.76886
0.76823
0.76725
0.76595
0.76393
0.76112
0.75771
0.75456
0.75208
0.75016
0.74824
0.7463
0.74449
0.74308
0.74182
0.74051
0.73883
0.73694
0.73495
0.73306
0.73099
0.72871
0.7264
0.72454
0.72288
0.72096
0.71847
0.71606
0.71421
0.71274
0.71062
0.70754
0.70402
0.70115
0.69916
0.69761
0.69561
0.69308
0.69036
0.68801
0.68585
0.68349
0.68056
0.67725
0.67386
0.67077
0.66791
0.66511
0.66212
0.65929
0.65699
0.65535
0.65382
0.65204
0.64988
0.64758
0.64518
0.64274
0.63999
0.63677
0.63325
0.63017
0.62778
0.62565
0.62308
0.62005
0.61683
0.61373
0.61075
0.60787
0.60494
0.60201
0.59908
0.59618
0.59316
0.59021
0.58752
0.58508
0.5823
0.57893
0.57534
0.5722
0.56958
0.56696
0.56347
0.55893
0.55409
0.55018
0.54732
0.54445
0.54064
0.53653
0.53325
0.53093
0.52862
0.52563
0.52192
0.51794
0.51417
0.51105
0.50842
0.50573
0.50264
0.49941
0.49615
0.49251
0.48806
0.48295
0.47749
0.472
0.46683
0.46225
0.45803
0.45367
0.44907
0.44473
0.44085
0.437
0.43268
0.42807
0.42365
0.41949
0.41532
0.41109
0.40704
0.40317
0.39921
0.39487
0.39017
0.38519
0.37984
0.37386
0.36721
0.3604
0.35435
0.34946
0.34521
0.34074
0.33593
0.33135
0.32728
0.32317
0.31829
0.31244
0.30614
0.29986
0.29367
0.28729
0.28058
0.27363
0.26683
0.26068
0.25544
0.25082
0.24639
0.24204
0.23785
0.23354
0.22877
0.22359
0.21854
0.21382
0.20911
0.20385
0.19783
0.19132
0.18515
0.17979
0.17488
0.16956
0.16385
0.15867
0.15468
0.15123
0.14734
0.14281
0.13836
0.13454
0.13133
0.12822
0.12489
0.12134
0.11787
0.11442
0.11063
0.10603
0.10091
0.095882
0.091528
0.087769
0.084387
0.081115
0.078125
0.075595
0.073694
0.072074
0.070397
0.068395
0.066223
0.063885
0.061461
0.058906
0.056414
0.054047
0.052076
0.050534
0.049347
0.048051
0.046512
0.044769
0.043157
0.041622
0.040025
0.038057
0.036
0.034392
0.033804
0.033814
0.033635
0.032736
0.031676
0.031057
0.031005
0.030802
0.030075
0.028956
0.028062
0.027284
0.026067
0.02391
0.021434
0.019451
0.01832
0.017458
0.016611
0.016035
0.016407
0.017644
0.019205
0.020344
0.021044
0.021402
0.021465
0.020753
0.019164
0.016973
0.015004
0.01368
0.013145
0.013002
0.013113
0.013392
0.014021
0.014758
0.015429
0.015803
0.015956
0.015689
0.015075
0.014224
0.013426
0.01249
0.011499
0.010794
0.011013
0.01199
0.01313
0.013638
0.013424
0.012623
0.011613
0.010293
0.0086714
0.0070044
0.0063265
0.0071579
0.0090142
0.010437
0.010817
0.010481
0.010077
0.0092371
0.0075101
0.0050591
0.0030573
0.0021037
0.0019078
0.0014896
0.0006844
0
0.00028101
0.0014144
0.0027314
0.0034276
0.0036956
0.0040347
0.0048308
0.0056584
0.0062014
0.0063068
0.0063155
0.0062895
0.0062398
0.005825
0.0051301
0.0043857
0.0039489
0.0034439
0.0026151
0.0016528
0.0013617
0.0018097
0.0025958
0.0030554
0.0029688
0.0021082
0.00098196
0.00042457
0.0010115
0.0019702
0.0025536
0.0027366
0.0031408
0.0035912
0.0037421
0.0033699
0.002665
0.0015777
0.00068982
0.00071128
0.0017771
0.0027141
0.0028367
0.002516
0.0027108
0.0033583
0.0039799
0.0040405
0.0036316
0.0030295
0.0030099
0.0038327
0.0050821
0.0057233
0.0055895
0.0051487
0.0051323
0.0054746
0.0058286
0.0056116
0.0048894
0.0040348
0.0036231
0.0034564
0.00319
0.0025752
0.0020271
0.0017118
0.0016018
0.0012679
0.00080955
0.000653
0.0014536
0.0028689
0.0040271
0.0041695
0.0037231
0.0032803
0.0031872
0.0031023
0.0028207
0.0021444
0.0015618
0.001747
0.0031704
0.00509
0.006654
0.0075212
0.0081861
0.0087938
0.0093814
0.0096737
0.009483
0.0084898
0.0071774
0.0062113
0.0059253
0.0057373
0.0054607
0.0053243
0.0058065
0.0067224
0.0078125
0.0086285
0.0091207
0.0093207
0.0095171
0.0094308
0.0088239
0.0077281
0.0068244
0.0063349
0.0062598
0.0064053
0.0069008
0.0075409
0.0083381
0.009345
0.010797
0.012445
0.014218
0.015909
0.017243
0.017607
0.017177
0.016531
0.016127
0.015468
0.01427
0.012718
0.011581
0.011169
0.011537
0.012176
0.012711
0.012903
0.013195
0.013828
0.014723
0.015287
0.015519
0.015795
0.016639
0.017686
0.01833
0.018183
0.017825
0.017739
0.01792
0.017565
0.016349
0.014567
0.013156
0.012455
0.012275
0.011983
0.011648
0.011709
0.012713
0.014357
0.016114
0.017377
0.018032
0.017936
0.017359
0.016549
0.015787
0.014773
0.013428
0.012028
0.01148
0.012152
0.01377
0.015333
0.016409
0.017244
0.018647
0.020576
0.022329
0.02305
0.022951
0.022604
0.022458
0.022162
0.021521
0.020634
0.020197
0.02047
0.021291
0.021924
0.022019
0.021437
0.020506
0.019397
0.018348
0.017244
0.016324
0.015978
0.016665
0.01788
0.018909
0.019392
0.019838
0.020398
0.020905
0.020944
0.020655
0.020259
0.020282
0.02076
0.021179
0.020526
0.018971
0.017586
0.017145
0.016786
0.015783
0.014589
0.014423
0.015257
0.016337
0.016993
0.017305
0.017215
0.01693
0.016627
0.016419
0.015887
0.015254
0.015153
0.01599
0.01701
0.017649
0.01797
0.018517
0.019151
0.019622
0.019623
0.019229
0.018489
0.017892
0.017638
0.017657
0.017533
0.017492
0.017795
0.018495
0.019008
0.019121
0.018892
0.018754
0.018725
0.018771
0.018731
0.019009
0.019845
0.021057
0.021691
0.021425
0.020735
0.0205
0.020544
0.020253
0.019231
0.018122
0.01757
0.017843
0.018335
0.01859
0.018517
0.018683
0.019177
0.0197
0.019729
0.019493
0.019258
0.019078
0.018468
0.017492
0.016563
0.016197
0.01601
0.015452
0.014259
0.013077
0.012389
0.01234
0.012514
0.012798
0.013067
0.013515
0.014187
0.015199
0.016184
0.017018
0.017694
0.018337
0.018436
0.01779
0.016711
0.015884
0.01519
0.014439
0.013665
0.013309
0.013322
0.013778
0.014699
0.016029
0.017057
0.017499
0.017518
0.017655
0.017902
0.018149
