0.003826706250000000
0.000000000000000000
0.000000000000000000
0.000000000000000000
0.000000000000000000
0.000000000000000000
0.000000000000000000
0.000000000000000000
0.000000000000000000
0.000000000000000000
0.002066706320000000
0.000000000000000000
0.000000000000000000
0.000000000000000000
0.000000000000000000
0.000000000000000000
0.000000000000000000
0.000000000000000000
0.000000000000000000
0.000000000000000000
0.000000000000000000
0.000000000000000000
0.000000000000000000
0.001626706340000000
0.002506706300000000
0.003386706270000000
0.000000000000000000
0.000000000000000000
0.000000000000000000
0.000000000000000000
0.000000000000000000
0.000000000000000000
0.000000000000000000
0.000000000000000000
0.000320039724000000
0.011720039300000000
0.032773371799999999
0.062600037200000000
0.133653367999999995
0.321373359999999997
0.625333347999999956
0.775346675999999957
0.937626669000000024
0.986313333999999986
1.009998130000000049
1.000348680000000101
1.000787279999999946
0.996839732999999950
0.992892266999999995
0.987190400999999995
0.985436000999999950
0.988506133999999981
0.984120000999999966
0.990699200000000002
0.989821999999999980
0.987190400999999995
0.997278400000000009
0.993769467000000017
0.994646667000000040
0.982365334000000034
0.985874667000000038
0.988506133999999981
0.988944799999999957
0.995962533000000039
0.990260667000000039
0.988506133999999981
0.990699200000000002
0.984997334000000002
0.989821999999999980
0.994208133999999966
0.994208133999999966
0.992015066999999973
1.004296129999999954
0.998155600000000032
1.003418930000000042
1.002103069999999985
1.001225889999999952
0.999471452999999954
0.995962533000000039
0.998594266999999980
0.995085333999999988
0.996401199999999987
0.994646667000000040
0.993769467000000017
0.999032840000000033
0.990699200000000002
0.988944799999999957
0.999910064000000043
0.994208133999999966
0.999032840000000033
1.001664529999999997
0.997717066999999957
1.000787279999999946
1.008682269999999992
1.002980399999999994
1.002103069999999985
0.999910064000000043
0.996839732999999950
0.998594266999999980
0.993769467000000017
0.995523999999999964
0.997717066999999957
0.996401199999999987
0.998155600000000032
0.995523999999999964
0.999032840000000033
0.999471452999999954
0.997717066999999957
0.996401199999999987
0.991576400000000024
0.990699200000000002
0.988506133999999981
0.986751734000000047
0.995523999999999964
0.991137866999999950
0.987628933999999958
0.987190400999999995
0.991576400000000024
0.993769467000000017
0.976664000999999948
0.995962533000000039
0.981488000999999999
0.988067600000000046
0.984120000999999966
0.989383334000000003
0.991137866999999950
0.990699200000000002
0.992453734000000032
0.988944799999999957
0.991576400000000024
0.986313333999999986
0.986751734000000047
0.980172001000000015
0.983242666999999959
0.977980001000000043
0.981488000999999999
0.978418667999999991
0.982804000999999983
0.984120000999999966
0.981049334000000051
0.982365334000000034
0.987628933999999958
0.984558667000000054
0.980172001000000015
0.979296001000000027
0.982804000999999983
0.976664000999999948
0.978857333999999968
0.975348000999999964
0.974032000999999981
0.970084001000000029
0.972277334000000049
0.968769334999999954
0.981049334000000051
0.975786668000000024
0.974470668000000040
0.978418667999999991
0.980172001000000015
0.978857333999999968
0.977541333999999984
0.967892000999999946
0.969645335000000053
0.974909334000000016
0.962628001000000011
0.971400001000000013
0.979296001000000027
0.965698668000000038
0.967892000999999946
0.972716000999999997
0.971400001000000013
0.968330668000000006
0.974909334000000016
0.963944000999999995
0.969206667999999993
0.970961333999999954
0.970522667999999977
0.975348000999999964
0.964821335000000002
0.969645335000000053
0.969645335000000053
0.965260000999999979
0.964821335000000002
0.963505335000000018
0.960434667999999991
0.957804002000000043
0.959118668000000008
0.956926668000000036
0.968330668000000006
0.964821335000000002
0.965260000999999979
0.957804002000000043
0.965260000999999979
0.958680002000000031
0.963066667999999959
0.964382668000000054
0.959118668000000008
0.959557334999999956
0.954294667999999957
0.959996002000000015
0.957804002000000043
0.957365334999999984
0.955610668000000052
0.952540001999999997
0.956049335000000000
0.957365334999999984
0.963066667999999959
0.962628001000000011
0.958680002000000031
0.959996002000000015
0.955172001999999964
0.949030668999999993
0.949030668999999993
0.949469334999999970
0.949908002000000029
0.952978668999999945
0.950785334999999954
0.942452002000000011
0.946838669000000022
0.940258668999999991
0.945084001999999979
0.952540001999999997
0.949469334999999970
0.948153334999999986
0.950785334999999954
0.948592002000000045
0.955172001999999964
0.949030668999999993
0.948153334999999986
0.953856001999999981
0.946400001999999962
0.938065335999999972
0.938942669000000008
0.945961335000000014
0.942890668999999959
0.945522669000000038
0.940258668999999991
0.940258668999999991
0.939381335999999956
0.946400001999999962
0.948592002000000045
0.944645336000000002
0.944206669000000054
0.950346668999999977
0.944645336000000002
0.944206669000000054
0.941136002000000027
0.938942669000000008
0.940697336000000051
0.928854669000000022
0.938065335999999972
0.938942669000000008
0.942452002000000011
0.937189335999999984
0.941136002000000027
0.940258668999999991
0.938504001999999948
0.937626669000000024
0.937189335999999984
0.934557336000000016
0.938942669000000008
0.944206669000000054
0.931048003000000013
0.933241336000000032
0.938504001999999948
0.931048003000000013
0.936312002999999948
0.935873336000000000
0.931048003000000013
0.928416003000000045
0.935434669000000052
0.939381335999999956
0.933241336000000032
0.930170669000000006
0.936312002999999948
0.936312002999999948
0.931486668999999989
0.931925336000000049
0.934118668999999957
0.925346670000000038
0.920960003000000027
0.925346670000000038
0.934118668999999957
0.924469336000000030
0.922276003000000011
0.921837335999999952
0.915258670000000052
0.930170669000000006
0.925785336000000014
0.919644003000000043
0.930170669000000006
0.918328002999999948
0.930170669000000006
0.927977335999999986
0.927100002999999950
0.928854669000000022
0.924030670000000054
0.924030670000000054
0.917450670000000024
0.916136002999999977
0.916573336999999988
0.922714669999999959
0.919644003000000043
0.920082669999999991
0.921398669999999975
0.920960003000000027
0.920082669999999991
0.922276003000000011
0.917889336999999972
0.920082669999999991
0.929293335999999970
0.923592002999999995
0.921837335999999952
0.922276003000000011
0.918766670000000008
0.909117336999999970
0.912188003000000025
0.910872004000000013
0.910433336999999954
0.911310669999999989
0.911749337000000049
0.918328002999999948
0.913504003000000009
0.910433336999999954
0.917012002999999964
0.916136002999999977
0.913065337000000032
0.915258670000000052
0.913942669999999957
0.915258670000000052
0.905170669999999955
0.916136002999999977
0.906485337000000002
0.902538670999999959
0.909117336999999970
0.904293337000000030
0.902538670999999959
0.903416003999999995
0.906046670000000054
0.911749337000000049
0.905609337000000014
0.906046670000000054
0.909994670000000005
0.910433336999999954
0.906046670000000054
0.913504003000000009
0.909117336999999970
0.897274671000000024
0.903854669999999971
0.900784004000000027
0.898152003999999948
0.899468004000000043
0.895520003999999981
0.899906670999999991
0.905170669999999955
0.901222670999999975
0.898152003999999948
0.906485337000000002
0.902100004000000011
0.899029336999999984
0.898152003999999948
0.902100004000000011
0.900784004000000027
0.898152003999999948
0.895520003999999981
0.888502671000000022
0.896397337000000016
0.895520003999999981
0.893328004000000009
0.889380003999999946
0.894644003999999993
0.892889338000000032
0.892889338000000032
0.897713337000000000
0.890257337999999954
0.897274671000000024
0.893328004000000009
0.903854669999999971
0.892450670999999973
0.891573338000000049
0.889818671000000005
0.890696004000000041
0.885870671000000054
0.884556004999999979
0.883678670999999971
0.886748004999999950
0.888064003999999962
0.890696004000000041
0.894205338000000016
0.885870671000000054
0.890696004000000041
0.892889338000000032
0.890696004000000041
0.888502671000000022
0.890257337999999954
0.890257337999999954
0.881046671000000003
0.882362670999999987
0.879292005000000043
0.882362670999999987
0.882362670999999987
0.883240004999999995
0.880608005000000027
0.875344004999999981
0.882362670999999987
0.883240004999999995
0.876660004999999964
0.883240004999999995
0.882362670999999987
0.880608005000000027
0.880608005000000027
0.879292005000000043
0.879292005000000043
0.880608005000000027
0.874466671999999945
0.881485337999999952
0.872274671999999973
0.878853337999999984
0.876660004999999964
0.872274671999999973
0.872713337999999950
0.870958671999999989
0.871397337999999966
0.877098672000000024
0.873152005000000009
0.874029338000000044
0.876660004999999964
0.876221338000000016
0.873590671999999957
0.871397337999999966
0.878414671000000036
0.871397337999999966
0.866573338999999998
0.863506671999999975
0.866573338999999998
0.867449338999999986
0.869204004999999946
0.868326672000000022
0.873152005000000009
0.867449338999999986
0.865253339000000010
0.873590671999999957
0.870958671999999989
0.866133339000000002
0.874466671999999945
0.869204004999999946
0.868765338999999970
0.863066671999999979
0.862626671999999983
0.859120006000000047
0.858240006000000055
0.857360005999999952
0.849466673000000005
0.863066671999999979
0.859986672000000008
0.859560006000000043
0.856480005999999960
0.860866671999999999
0.856040005999999964
0.852973339000000053
0.864813339000000014
0.863946671999999971
0.868326672000000022
0.860426672000000003
0.851226672999999989
0.853853339000000044
0.852973339000000053
0.856040005999999964
0.851226672999999989
0.849466673000000005
0.855173339000000032
0.855173339000000032
0.847280005999999974
0.849466673000000005
0.846840005999999978
0.851226672999999989
0.845960005999999987
0.852093338999999950
0.859120006000000047
0.852093338999999950
0.859560006000000043
0.839373339999999968
0.843760006000000007
0.841133339999999952
0.842453340000000050
0.838506673000000036
0.846840005999999978
0.842453340000000050
0.839813339999999964
0.840253339999999960
0.844640005999999999
0.838506673000000036
0.841573339999999948
0.844200006000000003
0.842013340000000055
0.845520005999999991
0.842453340000000050
0.835426672999999953
0.839373339999999968
0.832800007000000009
0.833240007000000005
0.827093340000000010
0.828413339999999998
0.830173339999999982
0.833240007000000005
0.832800007000000009
0.831920007000000017
0.833240007000000005
0.826653340000000014
0.834986672999999957
0.829733339999999986
0.831480007000000021
0.834986672999999957
0.835426672999999953
0.823146673999999967
0.825786674000000054
0.824026673999999959
0.815693341000000016
0.818760006999999956
0.821840007000000039
0.820520007000000051
0.820960007000000047
0.826226674000000050
0.826653340000000014
0.822706673999999971
0.818320006999999960
0.815693341000000016
0.822706673999999971
0.818320006999999960
0.818760006999999956
0.816573341000000008
0.809986674000000018
0.815693341000000016
0.811306674000000005
0.806920007999999966
0.808240007999999954
0.821400007000000043
0.812186673999999997
0.804733341000000046
0.806040007999999975
0.799906675000000011
0.802973340999999952
0.801653340999999964
0.811746674000000001
0.805173341000000042
0.809120007999999946
0.802093340999999960
0.802533340999999956
0.799906675000000011
0.797266675000000036
0.796400007999999993
0.790253341999999970
0.792013341999999954
0.792880008000000025
0.793760008000000017
0.791573341999999958
0.784120009000000007
0.786306674999999955
0.795080008000000005
0.796400007999999993
0.789373341999999978
0.788066675000000050
0.784546674999999971
0.784546674999999971
0.774466675999999965
0.780600009000000039
0.784120009000000007
0.773586675999999973
0.775346675999999957
0.779293342000000000
0.767013343000000014
0.774906675999999961
0.778853342000000004
0.774906675999999961
0.771400009000000053
0.774906675999999961
0.761306676000000015
0.761746676000000011
0.767440008999999979
0.763066675999999999
0.761746676000000011
0.760426676000000024
0.759106676000000036
0.754720009999999997
0.746386677000000054
0.748146677000000038
0.751653342999999974
0.746826677000000050
0.744200010000000023
0.738933343999999992
0.745520010000000011
0.747266677000000046
0.752093342999999970
0.744640010000000019
0.741133343999999972
0.736306676999999965
0.735426676999999973
0.728853344000000014
0.724906677999999971
0.730160011000000053
0.723586677999999983
0.718320010999999981
0.718760010999999976
0.715693345000000036
0.713493344999999946
0.722266677999999995
0.707360011999999982
0.707360011999999982
0.707360011999999982
0.705600011999999999
0.705600011999999999
0.699466679000000036
0.701213344999999988
0.688053346000000010
0.683226679000000003
0.682800013000000039
0.680600012999999948
0.674026679999999989
0.670506680000000022
0.668320012999999991
0.663933346999999952
0.665253347000000050
0.658226679999999953
0.654720014000000017
0.650333347000000006
0.646386680999999963
0.630600014999999958
0.629280014999999970
0.626213347999999947
0.630600014999999958
0.615253348999999949
0.611733348999999982
0.604720016000000027
0.596826682999999969
0.588493350000000026
0.587613350000000034
0.583226683000000024
0.576653349999999953
0.568760017000000007
0.559986683999999957
0.551653351000000014
0.545946684999999987
0.539813352000000024
0.524013351999999988
0.517440019000000029
0.508666685999999979
0.497266686999999985
0.484986687000000027
0.474893353999999990
0.462173355000000008
0.449893354999999995
0.436293356000000021
0.433666688999999994
0.419186689999999973
0.409973356999999983
0.396813356999999978
0.374453358000000014
0.373573358000000022
0.354280026000000026
0.346373358999999992
0.327080026999999995
0.318306694000000001
0.302960027999999992
0.289360027999999991
0.272253361999999999
0.259533363000000017
0.243306696999999988
0.228826696999999996
0.219626698000000009
0.206466698000000004
0.193306698999999999
0.186280032000000012
0.176200033000000006
0.163040033000000001
0.156466699999999986
0.147693366999999992
0.137160033999999986
0.132333368000000007
0.120493368000000003
0.116106702000000006
0.101200035999999993
0.095053369299999996
0.082333369800000000
0.084093369700000004
0.073560036800000006
0.071373370199999994
0.067426703700000007
0.054706704199999998
0.056893370800000002
0.054266704200000002
0.049880037799999999
0.049440037800000003
0.051626704400000001
0.047680037799999998
0.034093371700000000
0.038906704899999998
0.041106704799999998
0.027946705299999999
0.029706705199999999
0.023560038799999999
0.019613372300000001
0.018733372299999999
0.018293372299999999
0.019173372300000002
0.022240038899999998
0.015666705800000000
0.014786705799999999
0.013480039200000000
0.002946706290000000
0.013906705900000000
0.012600039200000000
0.006453372810000000
0.013040039200000001
0.009093372710000000
0.006013372830000000
0.008653372729999999
0.000320039724000000
0.007773372760000000
0.010400039300000000
0.000320039724000000
0.006893372800000000
0.009093372710000000
0.001186706360000000
0.000000000000000000
0.010400039300000000
0.006893372800000000
0.009960039340000001
0.016986705700000000
0.009960039340000001
0.009093372710000000
0.006013372830000000
0.000760039706000000
0.000000000000000000
0.000000000000000000
0.000760039706000000
0.000760039706000000
0.001186706360000000
0.003826706250000000
0.002066706320000000
0.003386706270000000
0.000760039706000000
0.004706706220000000
0.007333372780000000
0.003386706270000000
0.000760039706000000
0.003826706250000000
0.007333372780000000
0.005133372870000000
0.003386706270000000
0.000000000000000000
0.001626706340000000
0.000000000000000000
0.000000000000000000
0.000000000000000000
0.000000000000000000
0.000000000000000000
0.000760039706000000
0.002066706320000000
0.004266706230000000
0.012160039300000000
0.000000000000000000
0.001626706340000000
0.006453372810000000
0.005573372850000000
0.004706706220000000
0.006013372830000000
0.000000000000000000
0.000000000000000000
0.000000000000000000
0.000000000000000000
0.000000000000000000
0.000000000000000000
0.000000000000000000
0.001186706360000000
0.000000000000000000
0.002066706320000000
0.003826706250000000
0.000760039706000000
0.025320038699999999
0.000000000000000000
0.000000000000000000
0.000000000000000000
0.000320039724000000
0.000000000000000000
0.000000000000000000
0.001186706360000000
0.000000000000000000
0.004706706220000000
0.000000000000000000
0.000760039706000000
0.004706706220000000
0.002066706320000000
0.014786705799999999
0.003826706250000000
0.003826706250000000
0.007333372780000000
0.007773372760000000
0.000000000000000000
0.000000000000000000
0.000000000000000000
0.000000000000000000
0.000000000000000000
0.000000000000000000
0.001626706340000000
0.000000000000000000
0.004266706230000000
0.003826706250000000
0.000320039724000000
0.000000000000000000
0.000000000000000000
0.001186706360000000
0.000000000000000000
0.005573372850000000
0.000000000000000000
0.000000000000000000
0.000000000000000000
0.000000000000000000
0.000000000000000000
0.000000000000000000
0.000000000000000000
0.000000000000000000
0.000000000000000000
0.000000000000000000
0.000000000000000000
0.000320039724000000
0.000000000000000000
0.001626706340000000
0.005133372870000000
0.005573372850000000
0.001626706340000000
0.000000000000000000
0.000000000000000000
0.000000000000000000
0.000000000000000000
0.000000000000000000
0.000000000000000000
0.000000000000000000
0.000000000000000000
0.000000000000000000
0.000000000000000000
0.000000000000000000
0.000000000000000000
0.000000000000000000
0.000000000000000000
0.002066706320000000
0.000000000000000000
0.000000000000000000
0.000760039706000000
0.000000000000000000
0.000000000000000000
0.000000000000000000
0.000000000000000000
0.000000000000000000
0.000000000000000000
0.000000000000000000
0.000000000000000000
0.000760039706000000
0.000320039724000000
0.005133372870000000
0.002506706300000000
0.000000000000000000
0.000000000000000000
0.000000000000000000
0.004266706230000000
0.002066706320000000
0.000000000000000000
0.000000000000000000
0.000000000000000000
0.000000000000000000
0.000000000000000000
0.002066706320000000
0.000000000000000000
0.004706706220000000
0.000000000000000000
0.000000000000000000
0.000000000000000000
0.000000000000000000
0.002946706290000000
0.002506706300000000
0.000000000000000000
0.000000000000000000
0.000000000000000000
0.000000000000000000
0.000000000000000000
0.000000000000000000
0.000000000000000000
0.000000000000000000
0.000000000000000000
0.000000000000000000
0.000000000000000000
0.002066706320000000
0.000000000000000000
0.001626706340000000
0.004266706230000000
0.000000000000000000
0.003386706270000000
0.000000000000000000
0.000000000000000000
0.000000000000000000
0.000000000000000000
0.000000000000000000
0.000000000000000000
0.000000000000000000
0.000000000000000000
0.000000000000000000
0.000000000000000000
0.000760039706000000
0.000000000000000000
0.000000000000000000
0.000000000000000000
0.000760039706000000
0.000000000000000000
0.002066706320000000
0.002066706320000000
0.002066706320000000
0.000000000000000000
0.000000000000000000
0.000000000000000000
0.000000000000000000
0.000000000000000000
0.000000000000000000
0.001186706360000000
0.002066706320000000
0.000000000000000000
0.000000000000000000
0.004706706220000000
0.000000000000000000
0.000000000000000000
0.000000000000000000
0.000000000000000000
0.000000000000000000
0.000000000000000000
0.006453372810000000
0.000000000000000000
0.000000000000000000
0.000000000000000000
0.000000000000000000
0.000760039706000000
0.000000000000000000
0.000000000000000000
0.000320039724000000
0.006453372810000000
0.000320039724000000
0.000000000000000000
0.004266706230000000
0.000000000000000000
0.000000000000000000
0.000000000000000000
0.000000000000000000
0.010400039300000000
0.000000000000000000
0.000000000000000000
0.000000000000000000
0.000000000000000000
0.000000000000000000
0.000000000000000000
0.000000000000000000
0.000000000000000000
0.003386706270000000
0.005133372870000000
0.001186706360000000
0.000320039724000000
0.002946706290000000
0.000000000000000000
0.000000000000000000
0.000000000000000000
0.000000000000000000
0.000000000000000000
0.000000000000000000
0.000000000000000000
0.001186706360000000