0.00639581587035487
0.00639581587035487
0.00639581587035487
0.00426533249511039
0.00426533249511039
0.0021348491198658623
0.00426533249511039
0.00426533249511039
0.0021348491198658623
0.00426533249511039
0.00426533249511039
0.00639581587035487
0.008530664990220732
0.008530664990220732
0.008530664990220732
0.008530664990220732
0.00639581587035487
0.00426533249511039
0.00639581587035487
0.00639581587035487
0.00639581587035487
0.0021348491198658623
0.00426533249511039
0.00426533249511039
0.00426533249511039
0.00639581587035487
0.00639581587035487
0.00639581587035487
0.008530664990220732
0.012795997485331122
0.014926480860575603
0.012795997485331122
0.010661148365465212
0.010661148365465212
0.010661148365465212
0.00639581587035487
0.00639581587035487
0.014926480860575603
0.03624877759150603
0.09808518440905281
0.7974556440346465
0.9253894244202291
0.985112810841017
1.0
1.0
0.9979044425817266
0.9936260128527521
0.9808343811120424
0.9701819642358199
0.9637643196423581
0.9552511176306231
0.9466942581726739
0.9381810561609388
0.9318070690136909
0.9253894244202291
0.9211109946912545
0.9147370075440067
0.9125977926795193
0.9061801480860575
0.9061801480860575
0.9019453758032969
0.9019453758032969
0.9019453758032969
0.8998061609388096
0.8955277312098351
0.8955277312098351
0.8933885163453478
0.8912929589270746
0.8891537440625872
0.8891537440625872
0.8848753143336128
0.8827360994691253
0.880596884604638
0.8785013271863649
0.8785013271863649
0.8785013271863649
0.8785013271863649
0.8742228974573903
0.8763621123218774
0.872083682592903
0.8699444677284156
0.8699444677284156
0.8656660379994412
0.8635704805811679
0.8614225342274378
0.8592876851075719
0.8550267183570829
0.8507613858619726
0.8486265367421068
0.8464960533668622
0.8422307208717519
0.8422307208717519
0.8379653883766415
0.835834905001397
0.8337044216261525
0.8315695725062866
0.8294390891310421
0.8251737566359317
0.8230432732606873
0.8209084241408213
0.8145126082704665
0.812382124895222
0.8081167924001117
0.8017209765297568
0.799586127409891
0.7953207949147807
0.7931903115395361
0.7910598281642917
0.7846596465493154
0.7846596465493154
0.7803986797988264
0.7782638306789605
0.7761333473037161
0.7697375314333612
0.7676026823134954
0.763337349818385
0.759076383067896
0.7526762014529198
0.7505457180776753
0.7462803855825649
0.7398845697122101
0.7334887538418552
0.7313539047219892
0.7292234213467448
0.72282760547639
0.7185622729812796
0.7142969404861693
0.7121664571109249
0.7079011246158144
0.703635792120704
0.6993704596255937
0.6951094928751047
0.6887093112601285
0.6844483445096394
0.6780481628946633
0.6737871961441743
0.6673870145291981
0.6609911986588433
0.6567258661637329
0.6524648994132439
0.6460647177982676
0.6439342344230231
0.6375384185526684
0.6311426026823135
0.6268772701872031
0.6204814543168483
0.6183466051969824
0.609820305951383
0.6034201243364067
0.5991591575859178
0.5927589759709415
0.5842326767253422
0.5799673442302319
0.5714366792400112
0.5650408633696563
0.5586450474993014
0.5501143825090807
0.5458534157585918
0.5373227507683711
0.5309269348980162
0.5266616024029058
0.520265786532551
0.5138699706621961
0.5053393056719754
0.4968086406817546
0.49041282481139986
0.48188652556580047
0.4754863439508242
0.4669591715563006
0.45843025286392847
0.4477691044984632
0.43924018580609103
0.43071126711371893
0.42431457809443973
0.4136534297289745
0.40938897038278843
0.4008600516904163
0.3923311329980441
0.3838022143056719
0.37314019279128247
0.36461389354568313
0.35608322855546237
0.3432915968147527
0.334760931824532
0.32409978345906676
0.31343863509360154
0.3027774867281363
0.2921163383626711
0.2814551899972059
0.2707940416317407
0.2601328932662755
0.24947174490081025
0.23881059653534506
0.22601896479463535
0.21748829980441461
0.20469666806370493
0.1961660030734842
0.1833743713327745
0.1705783738474434
0.15991722548197818
0.1471255937412685
0.1343295962559374
0.12153796451522772
0.11087681614976251
0.1002156677842973
0.08955451941883208
0.08102385442861135
0.072497555183012
0.06610173931265718
0.06183640681754679
0.05544059094719197
0.05117525845208158
0.046909925956971237
0.038379260966750504
0.034118294216261544
0.029852961721151157
0.025587629226040815
0.023457145850796335
0.021322296730930425
0.017056964235820083
0.014926480860575603
0.010661148365465212
0.010661148365465212
0.008530664990220732
0.00639581587035487
0.008530664990220732
0.00639581587035487
0.008530664990220732
0.00639581587035487
0.00639581587035487
0.00639581587035487
0.008530664990220732
0.00639581587035487
0.00426533249511039
0.00426533249511039
0.00426533249511039
0.0021348491198658623
0.0
0.0021348491198658623
0.0
0.0
0.0021348491198658623
0.00426533249511039
0.0021348491198658623
0.00426533249511039
0.00639581587035487
0.00639581587035487
0.00639581587035487
0.0021348491198658623
0.00639581587035487
0.0021348491198658623
0.00426533249511039
0.0021348491198658623
0.0021348491198658623
0.0021348491198658623
0.0021348491198658623
0.0021348491198658623
0.00426533249511039
0.00426533249511039
0.00426533249511039
0.00426533249511039
0.00426533249511039
0.008530664990220732
0.008530664990220732
0.00639581587035487
0.00639581587035487
0.00639581587035487
0.00639581587035487
0.00639581587035487
0.00426533249511039
0.00426533249511039
0.0021348491198658623
0.0021348491198658623
0.00426533249511039
0.00426533249511039
0.00426533249511039
0.00639581587035487
0.008530664990220732
0.008530664990220732
0.00639581587035487
0.00639581587035487
0.008530664990220732
0.00639581587035487
0.00426533249511039
0.00426533249511039
0.00639581587035487
0.00426533249511039
0.0021348491198658623
0.0021348491198658623
0.010661148365465212
0.012795997485331122
0.008530664990220732
0.010661148365465212
0.008530664990220732
0.010661148365465212
0.00639581587035487
0.010661148365465212
0.019191813355685945
0.038379260966750504
0.10234615115954178
0.8017209765297568
0.9275286392847163
0.9872083682592903
0.9979044425817266
0.9979044425817266
0.9957652277172394
0.985112810841017
0.9786951662475553
0.9701819642358199
0.9637643196423581
0.9552511176306231
0.9466942581726739
0.9424594858899134
0.9339026264319642
0.9253894244202291
0.9232502095557418
0.9168762224084939
0.9125977926795193
0.910458577815032
0.9083193629505448
0.9019453758032969
0.8998061609388096
0.8955277312098351
0.8955277312098351
0.8912929589270746
0.8933885163453478
0.8912929589270746
0.8912929589270746
0.8912929589270746
0.8891537440625872
0.8870145291980999
0.8870145291980999
0.8848753143336128
0.8827360994691253
0.880596884604638
0.8785013271863649
0.8763621123218774
0.872083682592903
0.8699444677284156
0.8699444677284156
0.8656660379994412
0.8635704805811679
0.8635704805811679
0.8614225342274378
0.8614225342274378
0.8592876851075719
0.8571572017323273
0.8550267183570829
0.8507613858619726
0.8464960533668622
0.8443655699916177
0.8422307208717519
0.8379653883766415
0.8337044216261525
0.8294390891310421
0.8273042400111762
0.8230432732606873
0.8230432732606873
0.8187779407655769
0.8187779407655769
0.8166430916457109
0.8102472757753562
0.8081167924001117
0.8059819432802459
0.8017209765297568
0.799586127409891
0.7953207949147807
0.7910598281642917
0.7889249790444258
0.782529163174071
0.7782638306789605
0.7739984981838501
0.7697375314333612
0.7654721989382509
0.763337349818385
0.7612068664431405
0.7548110505727857
0.7548110505727857
0.7505457180776753
0.7484152347024309
0.7420150530874545
0.7398845697122101
0.7334887538418552
0.7270929379715003
0.72282760547639
0.7185622729812796
0.7142969404861693
0.7100316079910589
0.703635792120704
0.6993704596255937
0.6951094928751047
0.6908441603799943
0.686578827884884
0.6823134953897737
0.6801830120145291
0.6759176795194188
0.6716523470243085
0.6673870145291981
0.6588607152835988
0.6524648994132439
0.6481995669181335
0.6418037510477786
0.6375384185526684
0.6290077535624475
0.6226119376920928
0.6183466051969824
0.6119507893266275
0.6076854568315171
0.6012896409611622
0.5991591575859178
0.590628492595697
0.5842326767253422
0.5799673442302319
0.5757020117351216
0.5671757124895221
0.5629103799944118
0.5543797150041911
0.5458534157585918
0.5394532341436156
0.5309269348980162
0.5223962699077954
0.5160004540374405
0.5096046381670858
0.5032088222967309
0.4968086406817546
0.48828234143615534
0.48188652556580047
0.4754863439508242
0.4690905280804694
0.4605624825370215
0.45203356384464927
0.44563687482537023
0.43924018580609103
0.42644680776753285
0.4179178890751606
0.40938897038278843
0.3987278220173232
0.39019890332495105
0.3795360086616373
0.37314019279128247
0.3603485610505728
0.3539527451802179
0.3432915968147527
0.334760931824532
0.3262302668343112
0.31556911846884605
0.3070428192232467
0.2985121542330259
0.2835856733724504
0.27292452500698516
0.26226337664151994
0.2516022282760547
0.23881059653534506
0.22601896479463535
0.21109248393405977
0.20256181894383907
0.18977018720312933
0.17910903883766413
0.1684478904721989
0.15778674210673369
0.1471255937412685
0.13646444537580327
0.12793378038558254
0.11514214864487285
0.10448100027940764
0.09595033528918691
0.0874240360435876
0.0767628876781224
0.07036270606314614
0.06183640681754679
0.05330574182732606
0.04904040933221572
0.040514110086616366
0.04904040933221572
0.031983445096395634
0.027718112601285292
0.025587629226040815
0.025587629226040815
0.023457145850796335
0.023457145850796335
0.017056964235820083
0.019191813355685945
0.014926480860575603
0.012795997485331122
0.010661148365465212
0.008530664990220732
0.008530664990220732
0.00426533249511039
0.0021348491198658623
0.00639581587035487
0.00426533249511039
0.00426533249511039
0.00639581587035487
0.00639581587035487
0.00639581587035487
0.008530664990220732
0.00639581587035487
0.008530664990220732
0.00639581587035487
0.00639581587035487
0.00426533249511039
0.00639581587035487
0.00426533249511039
0.0021348491198658623
0.0021348491198658623
0.00426533249511039
0.0021348491198658623
0.00426533249511039
0.00639581587035487
0.00426533249511039
0.00639581587035487
0.00426533249511039
0.00639581587035487
0.008530664990220732
0.00639581587035487
0.008530664990220732
0.008530664990220732
0.00426533249511039
0.00639581587035487
0.00639581587035487
0.0021348491198658623
0.00426533249511039
0.0021348491198658623
0.00639581587035487
0.00639581587035487
0.00426533249511039
0.00426533249511039
0.008530664990220732
0.008530664990220732
0.010661148365465212
0.008530664990220732
0.010661148365465212
0.00639581587035487
0.00639581587035487
0.00639581587035487
0.00639581587035487
0.00639581587035487
0.00426533249511039
0.00426533249511039
0.00426533249511039
