4.292291505468438968e-03
4.281573911337563897e-03
4.270883078395623818e-03
4.260218939821539680e-03
4.249581428961081604e-03
4.238970479326445613e-03
4.228386024595846837e-03
4.217827998613095375e-03
4.207296335387199042e-03
4.196790969091932291e-03
8.186311834065443382e-03
1.913089322205543952e-01
5.999661592510207031e-01
1.434152433579707564e+00
1.378088463150600296e+00
1.302280536670677780e+00
1.223968541640926277e+00
1.153536172912685176e+00
1.096825713286333270e+00
1.055231065675740432e+00
1.027393412838840669e+00
1.010805371560741461e+00
1.002799185026259199e+00
1.001008713388348736e+00
1.003518782360388606e+00
1.008863601103563212e+00
1.015965445854592142e+00
1.024057748327645179e+00
1.032611740468587502e+00
1.041273861907307641e+00
1.049815675383509284e+00
1.058095596737112842e+00
1.066030734980302430e+00
1.073576843517486390e+00
1.080714463064641029e+00
1.087439598773667582e+00
1.093757600700849375e+00
1.099679237281811384e+00
1.105218229056915913e+00
1.110389731184328044e+00
1.115209419205673402e+00
1.119692951087470023e+00
1.123855660010246948e+00
1.127712386529544863e+00
1.131277393754607896e+00
1.134564331312976959e+00
1.137586227566827590e+00
1.140355497886563096e+00
1.142883961794970205e+00
1.145182864769930697e+00
1.147262902246944494e+00
1.149134244391425197e+00
1.150806560813544710e+00
1.152289044752507596e+00
1.153590436466258362e+00
1.154719045687072176e+00
1.155682773078269721e+00
1.156489130672555765e+00
1.157145261299973971e+00
1.157657957030101548e+00
1.158033676662896472e+00
1.158278562308122428e+00
1.158398455095965174e+00
1.158398910062345522e+00
1.158285210252125053e+00
1.158062380082362175e+00
1.157735198006218935e+00
1.157308208516313996e+00
1.156785733524356097e+00
1.156171883151860147e+00
1.155470565964756613e+00
1.154685498682729294e+00
1.153820215392242554e+00
1.152878076290418052e+00
1.151862275985241713e+00
1.150775851375994252e+00
1.149621689136306690e+00
1.148402532820872901e+00
1.147120989615568298e+00
1.145779536749520044e+00
1.144380527586573049e+00
1.142926197412579725e+00
1.141418668933948055e+00
1.139859957502045384e+00
1.138251976077180094e+00
1.136596539945153639e+00
1.134895371198622271e+00
1.133150102994860298e+00
1.131362283600872987e+00
1.129533380236237505e+00
1.127664782723467374e+00
1.125757806955209217e+00
1.123813698187078991e+00
1.121833634164472793e+00
1.119818728091271698e+00
1.117770031447945511e+00
1.115688536666161523e+00
1.113575179666651760e+00
1.111430842266736274e+00
1.109256354463568295e+00
1.107052496598864177e+00
1.104820001410570462e+00
1.102559555976641459e+00
1.100271803555842753e+00
1.097957345330220269e+00
1.095616742053644455e+00
1.093250515610604712e+00
1.090859150489192020e+00
1.088443095172025643e+00
1.086002763448643771e+00
1.083538535652709633e+00
1.081050759827179242e+00
1.078539752820421915e+00
1.076005801316093802e+00
1.073449162799414269e+00
1.070870066462341175e+00
1.068268714049973145e+00
1.065645280650388216e+00
1.062999915429975406e+00
1.060332742316177468e+00
1.057643860629454480e+00
1.054933345666128730e+00
1.052201249233678082e+00
1.049447600139902903e+00
1.046672404637302378e+00
1.043875646823875902e+00
1.041057289001455777e+00
1.038217271992586399e+00
1.035355515416854111e+00
1.032471917927478167e+00
1.029566357408877586e+00
1.026638691135831172e+00
1.023688755894757385e+00
1.020716368067550395e+00
1.017721323678305811e+00
1.014703398403205892e+00
1.011662347543715867e+00
1.008597905963166230e+00
1.005509787986711645e+00
1.002397687264561688e+00
9.992612765982850087e-01
9.961002077299149216e-01
9.929141110934637249e-01
9.897025955283969001e-01
9.864652479544983033e-01
9.832016330074734300e-01
9.799112926345375785e-01
9.765937456491416979e-01
9.732484872438846857e-01
9.698749884605606386e-01
9.664726956161781013e-01
9.630410296836914297e-01
9.595793856260608212e-01
9.560871316821528687e-01
9.525636086028748117e-01
9.490081288358099831e-01
9.454199756565063728e-01
9.417984022444346737e-01
9.381426307015098276e-01
9.344518510109263154e-01
9.307252199339343113e-01
9.269618598420239497e-01
9.231608574818556123e-01
9.193212626701242618e-01
9.154420869153903073e-01
9.115223019637673785e-01
9.075608382651912942e-01
9.035565833568582894e-01
8.995083801602485885e-01
8.954150251880119704e-01
8.912752666568327653e-01
8.870878025022562730e-01
8.828512782913029433e-01
8.785642850285821925e-01
8.742253568514777307e-01
8.698329686098851266e-01
8.653855333258744231e-01
8.608813995285978793e-01
8.563188484596985228e-01
8.516960911444781956e-01
8.470112653240930989e-01
8.422624322441237821e-01
8.374475732949681062e-01
8.325645864997042178e-01
8.276112828453003889e-01
8.225853824533980729e-01
8.174845105873032036e-01
8.123061934923757610e-01
8.070478540676542245e-01
8.017068073673671025e-01
7.962802559319497320e-01
7.907652849493389535e-01
7.851588572486889461e-01
7.794578081302444561e-01
7.736588400369843743e-01
7.677585170758054467e-01
7.617532593985072431e-01
7.556393374557008880e-01
7.494128661400183411e-01
7.430697988386935071e-01
7.366059214197664406e-01
7.300168461808531628e-01
7.232980057946643004e-01
7.164446472913077457e-01
7.094518261238557111e-01
7.023144003707747496e-01
6.950270251365939789e-01
6.875841472206319915e-01
6.799800001327112042e-01
6.722085995445594708e-01
6.642637392759227488e-01
6.561389879252954582e-01
6.478276862664297253e-01
6.393229455433290243e-01
6.306176468080307851e-01
6.217044414569279365e-01
6.125757531323460237e-01
6.032237811662616300e-01
5.936405057519589246e-01
5.838176950366260609e-01
5.737469143328187693e-01
5.634195376487561857e-01
5.528267617359123864e-01
5.419596228465950460e-01
5.308090163834587871e-01
5.193657196064312975e-01
5.076204175396468177e-01
4.955637321910922877e-01
4.831862551601952549e-01
4.704785836632769391e-01
4.574313599534380326e-01
4.440353140502893425e-01
4.302813096263980452e-01
4.161603928223102100e-01
4.016638436817880908e-01
3.867832298152015791e-01
3.715104618139747905e-01
3.558378498551929003e-01
3.397581608558228883e-01
3.232646754636647746e-01
3.063512441104606632e-01
2.890123413048293344e-01
2.712431173119922434e-01
2.530394463563625518e-01
2.343979704941541731e-01
2.153161383376921145e-01
1.957922378716184519e-01
1.758254226832433043e-01
1.554157310334186859e-01
1.345640973179505762e-01
1.140552759842239916e-01
9.651883249164702749e-02
8.167868557732640977e-02
6.912026912693028380e-02
5.849275818299305013e-02
4.949926849345946678e-02
4.188856291786196423e-02
3.544803300589237371e-02
2.999775968564002623e-02
2.538548714417606864e-02
2.148236949359971087e-02
1.817937140376755731e-02
1.538422215177823009e-02
1.301883799822775058e-02
1.101714088316826413e-02
9.323212506070103350e-03
7.889732223188667196e-03
6.676655124303304718e-03
5.974995646715142682e-03
5.960076441392377425e-03
5.945194488429385478e-03
5.930349694809257562e-03
5.915541967747350860e-03
5.900771214690691407e-03
5.886037343317409437e-03
5.871340261536156513e-03
5.856679877485531337e-03
5.842056099533501218e-03
5.827468836276838288e-03
5.812917996540542705e-03
5.798403489377272797e-03
5.783925224066768268e-03
5.769483110115302890e-03
5.755077057255106841e-03
5.740706975443796850e-03
5.726372774863829757e-03
5.712074365921919646e-03
5.697811659248492276e-03
5.683584565697135174e-03
5.669392996344019969e-03
5.655236862487355090e-03
5.641116075646834122e-03
5.627030547563081561e-03
5.612980190197097707e-03
5.598964915729710487e-03
5.584984636561029885e-03
5.571039265309899770e-03
5.557128714813347123e-03
5.543252898126032127e-03
5.529411728519721680e-03
5.515605119482734284e-03
5.501832984719410083e-03
5.488095238149548818e-03
5.474391793907904154e-03
5.460722566343620757e-03
5.447087470019706945e-03
5.433486419712506461e-03
5.419919330411163312e-03
5.406386117317082268e-03
5.392886695843409316e-03
5.379420981614494758e-03
5.365988890465371065e-03
5.352590338441228987e-03
5.339225241796890196e-03
5.325893516996278200e-03
5.312595080711904859e-03
5.299329849824346503e-03
5.286097741421717441e-03
5.272898672799160823e-03
5.259732561458334288e-03
5.246599325106879146e-03
5.233498881657923374e-03
5.220431149229562938e-03
5.207396046144340505e-03
5.194393490928740642e-03
5.181423402312691079e-03
5.168485699229047499e-03
5.155580300813075723e-03
5.142707126401960781e-03
5.129866095534299508e-03
5.117057127949591402e-03
5.104280143587740758e-03
5.091535062588570942e-03
5.078821805291294442e-03
5.066140292234038410e-03
5.053490444153344203e-03
5.040872181983665178e-03
5.028285426856880964e-03
5.015730100101796138e-03
5.003206123243652756e-03
4.990713418003639434e-03
4.978251906298405624e-03
4.965821510239568082e-03
4.953422152133226015e-03
4.941053754479477096e-03
4.928716239971930001e-03
4.916409531497223893e-03
4.904133552134539234e-03
4.891888225155133739e-03
4.879673474021848853e-03
4.867489222388627496e-03
4.855335394100053492e-03
4.843211913190864117e-03
4.831118703885473910e-03
4.819055690597499365e-03
4.807022797929304432e-03
4.795019950671506985e-03
4.783047073802529532e-03
4.771104092488101349e-03
4.759190932080823062e-03
4.747307518119682664e-03
4.735453776329583662e-03
4.723629632620901866e-03
4.711835013089005729e-03
4.700069844013791444e-03
4.688334051859244060e-03
4.676627563272956964e-03
4.664950305085679982e-03
4.653302204310858815e-03
4.641683188144187476e-03
4.630093183963145120e-03
4.618532119326545886e-03
4.606999921974086996e-03
4.595496519825894265e-03
4.584021840982070196e-03
4.572575813722245565e-03
4.561158366505138791e-03
4.549769427968097107e-03
4.538408926926657677e-03
4.527076792374105235e-03
4.515772953481021063e-03
4.504497339594839764e-03
4.493249880239417321e-03
4.482030505114580933e-03
4.470839144095690131e-03
4.459675727233207432e-03
4.448540184752249049e-03
4.437432447052159883e-03
4.426352444706073766e-03
4.415300108460473716e-03
4.404275369234772995e-03
4.393278158120868422e-03
4.382308406382714495e-03
4.371366045455900989e-03
4.360451006947220140e-03
4.349563222634229495e-03
4.338702624464839917e-03
4.327869144556885372e-03
4.317062715197697055e-03
4.306283268843675779e-03
4.295530738119878247e-03
4.284805055819592041e-03
4.274106154903919291e-03
4.263433968501348197e-03
4.252788429907344500e-03
4.242169472583929082e-03
4.231577030159267699e-03
4.221011036427246843e-03
4.210471425347072152e-03
4.199958131042846876e-03
8.189471087803164295e-03
1.913081997426106518e-01
5.992056678980370865e-01
1.433934175361763153e+00
1.377903690796393965e+00
1.302055192792234140e+00
1.223713482884456916e+00
1.153260354880478733e+00
1.096530809692933373e+00
1.054914011613069746e+00
1.027049869344309752e+00
1.010431925944396347e+00
1.002394228880060689e+00
1.000572481068535025e+00
1.003052981189911597e+00
1.008370909669425775e+00
1.015449034466503031e+00
1.023520895559224986e+00
1.032057568845804907e+00
1.040705185118924181e+00
1.049234933806533210e+00
1.057504853575976567e+00
1.065431707859851862e+00
1.072970952254570287e+00
1.080102880839588941e+00
1.086823299467575277e+00
1.093137399174289204e+00
1.099055821883932582e+00
1.104592186995721814e+00
1.109761567943076344e+00
1.114579573283728031e+00
1.119061805209933924e+00
1.123223549734163385e+00
1.127079606953950375e+00
1.130644204852074397e+00
1.133930962251776586e+00
1.136952880283089939e+00
1.139722350087919667e+00
1.142251169523331722e+00
1.144550564614354560e+00
1.146631213272760297e+00
1.148503269834881824e+00
1.150176389579676384e+00
1.151659752745770815e+00
1.152962087777616773e+00
1.154091693656885242e+00
1.155056461251021682e+00
1.155863893656880137e+00
1.156521125545370010e+00
1.157034941530034944e+00
1.157411793592621141e+00
1.157657817604381245e+00
1.157778848984773568e+00
1.157780437540240071e+00
1.157667861525566888e+00
1.157446140969397685e+00
1.157120050303994896e+00
1.156694130337618143e+00
1.156172699605979570e+00
1.155559865137273823e+00
1.154859532663294663e+00
1.154075416307266844e+00
1.153211047777118692e+00
1.152269785091199150e+00
1.151254820861753014e+00
1.150169190159905597e+00
1.149015777984446540e+00
1.147797326355337821e+00
1.146516441051590229e+00
1.145175598011977991e+00
1.143777149415960981e+00
1.142323329461166104e+00
1.140816259852813319e+00
1.139257955019618462e+00
1.137650327069855249e+00
1.135995190500514562e+00
1.134294266671757923e+00
1.132549188058237233e+00
1.130761502288164966e+00
1.128932675980508948e+00
1.127064098390060387e+00
1.125157084869667923e+00
1.123212880158402038e+00
1.121232661503989370e+00
1.119217541627385071e+00
1.117168571536990562e+00
1.115086743199586783e+00
1.112972992074732659e+00
1.110828199518997694e+00
1.108653195066089614e+00
1.106448758588614245e+00
1.104215622346914394e+00
1.101954472930147810e+00
1.099665953094500770e+00
1.097350663503166013e+00
1.095009164372493737e+00
1.092641977028467659e+00
1.090249585377440544e+00
1.087832437294875110e+00
1.085390945935593487e+00
1.082925490968889237e+00
1.080436419741637621e+00
1.077924048372371768e+00
1.075388662779140247e+00
1.072830519643772629e+00
1.070249847315039027e+00
1.067646846653041104e+00
1.065021691817020555e+00
1.062374530998639877e+00
1.059705487102647448e+00
1.057014658376728811e+00
1.054302118992202164e+00
1.051567919577101495e+00
1.048812087703092644e+00
1.046034628327528138e+00
1.043235524191856500e+00
1.040414736177491806e+00
1.037572203620141353e+00
1.034707844583488745e+00
1.031821556093050818e+00
1.028913214330891224e+00
1.025982674791817706e+00
1.023029772401577331e+00
1.020054321597470670e+00
1.017056116371724217e+00
1.014034930277862623e+00
1.010990516400237293e+00
1.007922607286771077e+00
1.004830914844907497e+00
1.001715130200627524e+00
9.985749235203518204e-01
9.954099437954209151e-01
9.922198185887685096e-01
9.890041537433137409e-01
9.857625330514887541e-01
9.824945178852458882e-01
9.791996467857675412e-01
9.758774350120201779e-01
9.725273740471827022e-01
9.691489310618824904e-01
9.657415483330619166e-01
9.623046426171898426e-01
9.588376044764236328e-01
9.553397975562093469e-01
9.518105578126900834e-01
9.482491926881780886e-01
9.446549802328069179e-01
9.410271681703691327e-01
9.373649729061991343e-01
9.336675784748373896e-01
9.299341354250658664e-01
9.261637596397598315e-01
9.223555310878739366e-01
9.185084925057079852e-01
9.146216480044710995e-01
9.106939616009942506e-01
9.067243556682931249e-01
9.027117093025349703e-01
8.986548566028017548e-01
8.945525848598875340e-01
8.904036326502342558e-01
8.862066878309423634e-01
8.819603854316696578e-01
8.776633054390987621e-01
8.733139704695271899e-01
8.689108433250404273e-01
8.644523244286246300e-01
8.599367491335284663e-01
8.553623849021305681e-01
8.507274283495654954e-01
8.460300021473959875e-01
8.412681517826894328e-01
8.364398421679898332e-01
8.315429540978701572e-01
8.265752805480079957e-01
8.215345228130862543e-01
8.164182864802648210e-01
8.112240772355280294e-01
8.059492965009033005e-01
8.005912369013898910e-01
7.951470775614326580e-01
7.896138792319842281e-01
7.839885792505948414e-01
7.782679863386422481e-01
7.724487752417188435e-01
7.665274812214403211e-01
7.605004944094827524e-01
7.543640540376155279e-01
7.481142425608140467e-01
7.417469796943496618e-01
7.352580163900304111e-01
7.286429287815466838e-01
7.218971121342749875e-01
7.150157748408284553e-01
7.079939325102497794e-01
7.008264022059840226e-01
6.935077968956753214e-01
6.860325201844283960e-01
6.783947614124168357e-01
6.705884912075985582e-01
6.626074575947649148e-01
6.544451827730980442e-01
6.460949606857554484e-01
6.375498555165619585e-01
6.288027012604827659e-01
6.198461025259228707e-01
6.106724367377345253e-01
6.012738579197630662e-01
5.916423022443541013e-01
5.817694955430513515e-01
5.716469629770692951e-01
5.612660410675294198e-01
5.506178922830936573e-01
5.396935223759302680e-01
5.284838006450643944e-01
5.169794832884511138e-01
5.051712399808323539e-01
4.930496837830292134e-01
4.806054044492703570e-01
4.678290051521876158e-01
4.547111425901538828e-01
4.412425703788973030e-01
4.274141855593900918e-01
4.132170779778021608e-01
3.986425822122280360e-01
3.836823316367301562e-01
3.683283141282336359e-01
3.525729288386187377e-01
3.364090433759299725e-01
3.198300506682085209e-01
3.028299247243362857e-01
2.854032744617847617e-01
2.675453947443042768e-01
2.492523137660441201e-01
2.305208359343928204e-01
2.113485794432529430e-01
1.917340077918705255e-01
1.716764545910792195e-01
1.511761411071793071e-01
1.302341861209133922e-01
1.102193272312125966e-01
9.327267581942383368e-02
7.893163815330990485e-02
6.679559095770706834e-02
5.652550834841914285e-02
4.783449099312951647e-02
4.047975145075864700e-02
3.425583179615206836e-02
2.898886406142372682e-02
2.453171315682665596e-02
2.075986658648208694e-02
1.756795613634529185e-02
1.486681436621180817e-02
1.258098367755724513e-02
1.064660837191130048e-02
9.009650813477577957e-03
7.624381863707523424e-03
6.452103417445822532e-03
5.986759771003619807e-03
5.971811191368960221e-03
5.956899937439965806e-03
5.942025916016589054e-03
5.927189034131501687e-03
5.912389199049503975e-03
5.897626318266955756e-03
5.882900299511185753e-03
5.868211050739933002e-03
5.853558480140751835e-03
5.838942496130452436e-03
5.824363007354512768e-03
5.809819922686527797e-03
5.795313151227625761e-03
5.780842602305906117e-03
5.766408185475863611e-03
5.752009810517839244e-03
5.737647387437441737e-03
5.723320826464988950e-03
5.709030038054956242e-03
5.694774932885400542e-03
5.680555421857413044e-03
5.666371416094561492e-03
5.652222826942326396e-03
5.638109565967566739e-03
5.624031544957938840e-03
5.609988675921362931e-03
5.595980871085481922e-03
5.582008042897086339e-03
5.568070104021586968e-03
5.554166967342465816e-03
5.540298545960729674e-03
5.526464753194365413e-03
5.512665502577798748e-03
5.498900707861358213e-03
5.485170283010726983e-03
5.471474142206412920e-03
5.457812199843219483e-03
5.444184370529686276e-03
5.430590569087578173e-03
5.417030710551342353e-03
5.403504710167581805e-03
5.390012483394527980e-03
5.376553945901494345e-03
5.363129013568378525e-03
5.349737602485113257e-03
5.336379628951148577e-03
5.323055009474931404e-03
5.309763660773385990e-03
5.296505499771384830e-03
5.283280443601230843e-03
5.270088409602148236e-03
5.256929315319764685e-03
5.243803078505580514e-03
5.230709617116470825e-03
5.217648849314171153e-03
5.204620693464756184e-03
5.191625068138135818e-03
5.178661892107549493e-03
5.165731084349051844e-03
5.152832564041014834e-03
5.139966250563613413e-03
5.127132063498326779e-03
5.114329922627428374e-03
5.101559747933496688e-03
5.088821459598910461e-03
5.076114978005343004e-03
5.063440223733271274e-03
5.050797117561478880e-03
5.038185580466560815e-03
5.025605533622426457e-03
5.013056898399813853e-03
5.000539596365788375e-03
4.988053549283259606e-03
4.975598679110491279e-03
4.963174908000613818e-03
4.950782158301129943e-03
4.938420352553439356e-03
4.926089413492360826e-03
4.913789264045629983e-03
4.901519827333423139e-03
4.889281026667891515e-03
4.877072785552661639e-03
4.864895027682372176e-03
4.852747676942190808e-03
4.840630657407344120e-03
4.828543893342632752e-03
4.816487309201961282e-03
4.804460829627875060e-03
4.792464379451081419e-03
4.780497883689973498e-03
4.768561267550175745e-03
4.756654456424069463e-03
4.744777375890322710e-03
4.732929951713432323e-03
4.721112109843256417e-03
4.709323776414553811e-03
4.697564877746516522e-03
4.685835340342312666e-03
4.674135090888631092e-03
4.662464056255220812e-03
4.650822163494427834e-03
4.639209339840741526e-03
4.627625512710353134e-03
4.616070609700684800e-03
4.604544558589942875e-03
4.593047287336669490e-03
4.581578724079287193e-03
4.570138797135653991e-03
4.558727435002618393e-03
4.547344566355557977e-03
4.535990120047955244e-03
4.524664025110929251e-03
4.513366210752810595e-03
4.502096606358693860e-03
4.490855141489996129e-03
4.479641745884008555e-03
4.468456349453468757e-03
4.457298882286113255e-03
4.446169274644257673e-03
4.435067456964330093e-03
4.423993359856470339e-03
4.412946914104077210e-03
4.401928050663371332e-03
4.390936700662979690e-03
4.379972795403491541e-03
4.369036266357034272e-03
4.358127045166854466e-03
4.347245063646872076e-03
4.336390253781265830e-03
4.325562547724046483e-03
4.314761877798632683e-03
4.303988176497425093e-03
4.293241376481395262e-03
4.282521410579641537e-03
4.271828211788997881e-03
4.261161713273590654e-03
4.250521848364435286e-03
4.239908550559020814e-03
4.229321753520883138e-03
4.218761391079196496e-03
4.208227397228364933e-03
