3.673181352425235885e-03
3.664009639168052442e-03
3.654860827128099746e-03
3.645734859122411967e-03
3.636631678110807068e-03
3.627551227195528142e-03
3.618493449620889969e-03
3.609458288772922959e-03
3.600445688179019707e-03
3.591455591507579804e-03
7.582487942567661676e-03
1.909573695695691575e-01
6.325631867976451161e-01
1.443014094643919609e+00
1.386425034209589180e+00
1.312676177949765988e+00
1.235956825145545501e+00
1.166749000090936406e+00
1.111215850039922959e+00
1.070955682210719573e+00
1.044654045102461515e+00
1.029746994780690983e+00
1.023471936994641673e+00
1.023369626324690973e+00
1.027452912440158350e+00
1.034211034701921328e+00
1.042546449073718628e+00
1.051692324171756177e+00
1.061132538134158754e+00
1.070533042678591507e+00
1.079687158207031317e+00
1.088474288589879713e+00
1.096830140625460137e+00
1.104726071944667209e+00
1.112155263531089400e+00
1.119123750870374634e+00
1.125644773486357719e+00
1.131735311226836682e+00
1.137414017310317105e+00
1.142700019361343688e+00
1.147612246786223977e+00
1.152169070282656360e+00
1.156388122605535695e+00
1.160286222391374134e+00
1.163879355219174849e+00
1.167182685511628071e+00
1.170210584302568524e+00
1.172976664498718957e+00
1.175493819026076414e+00
1.177774259370772292e+00
1.179829553207170978e+00
1.181670660461348943e+00
1.183307967518737902e+00
1.184751319481515131e+00
1.186010050487302570e+00
1.187093012156245520e+00
1.188008600260950676e+00
1.188764779725489884e+00
1.189369108062567681e+00
1.189828757355998246e+00
1.190150534891013745e+00
1.190340902528981726e+00
1.190405994916527765e+00
1.190351636612444031e+00
1.190183358209193409e+00
1.189906411519646268e+00
1.189525783893818023e+00
1.189046211724992475e+00
1.188472193199633598e+00
1.187808000340953463e+00
1.187057690391871700e+00
1.186225116579357808e+00
1.185313938298753866e+00
1.184327630753617022e+00
1.183269494083862172e+00
1.182142662012467982e+00
1.180950110038783585e+00
1.179694663204396088e+00
1.178379003455714669e+00
1.177005676625710429e+00
1.175577099055760355e+00
1.174095563877148196e+00
1.172563246970499407e+00
1.170982212620291341e+00
1.169354418880511393e+00
1.167681722666546351e+00
1.165965884587518930e+00
1.164208573532426572e+00
1.162411371022691764e+00
1.160575775342997051e+00
1.158703205461644181e+00
1.156795004751018263e+00
1.154852444518205346e+00
1.152876727355212960e+00
1.150868990317799323e+00
1.148830307941372864e+00
1.146761695102031187e+00
1.144664109730342050e+00
1.142538455385095464e+00
1.140385583693864557e+00
1.138206296666859796e+00
1.136001348890218088e+00
1.133771449604556114e+00
1.131517264674303691e+00
1.129239418453051202e+00
1.126938495549866470e+00
1.124615042501276641e+00
1.122269569353370855e+00
1.119902551158227233e+00
1.117514429388659858e+00
1.115105613275065854e+00
1.112676481067938372e+00
1.110227381229431654e+00
1.107758633557167194e+00
1.105270530243313898e+00
1.102763336871777966e+00
1.100237293356203461e+00
1.097692614821329959e+00
1.095129492430081841e+00
1.092548094158658056e+00
1.089948565521747348e+00
1.087331030249831354e+00
1.084695590920486508e+00
1.082042329545400028e+00
1.079371308114769334e+00
1.076682569100589459e+00
1.073976135920277297e+00
1.071252013361945199e+00
1.068510187972561365e+00
1.065750628410129464e+00
1.062973285760935971e+00
1.060178093822825796e+00
1.057364969355373940e+00
1.054533812297757223e+00
1.051684505955020832e+00
1.048816917153384543e+00
1.045930896365148355e+00
1.043026277803668522e+00
1.040102879488814747e+00
1.037160503283249380e+00
1.034198934899791311e+00
1.031217943880048615e+00
1.028217283544449634e+00
1.025196690913729336e+00
1.022155886601833208e+00
1.019094574680180498e+00
1.016012442513100078e+00
1.012909160564222644e+00
1.009784382173539274e+00
1.006637743304726218e+00
1.003468862262320460e+00
1.000277339378207397e+00
9.970627566668290864e-01
9.938246774484427171e-01
9.905626459396765782e-01
9.872761868105498495e-01
9.839648047070405079e-01
9.806279837381988163e-01
9.772651869267214852e-01
9.738758556218003459e-01
9.704594088729792123e-01
9.670152427636434789e-01
9.635427297026781801e-01
9.600412176727186608e-01
9.565100294333169773e-01
9.529484616772367911e-01
9.493557841379718365e-01
9.457312386464720166e-01
9.420740381349348436e-01
9.383833655853951461e-01
9.346583729207237345e-01
9.308981798354998283e-01
9.271018725641029246e-01
9.232685025832169101e-01
9.193970852458046572e-01
9.154865983434573584e-01
9.115359805938894056e-01
9.075441300501864150e-01
9.035099024282705615e-01
8.994321093488996111e-01
8.953095164903659420e-01
8.911408416479088546e-01
8.869247526957236838e-01
8.826598654473102323e-01
8.783447414097681483e-01
8.739778854275457309e-01
8.695577432110312976e-01
8.650826987453038575e-01
8.605510715742816785e-01
8.559611139554897941e-01
8.513110078806442882e-01
8.465988619572945018e-01
8.418227081468392381e-01
8.369804983543678301e-01
8.320701008659627806e-01
8.270892966293770243e-01
8.220357753743448015e-01
8.169071315692375546e-01
8.117008602113306992e-01
8.064143524486556691e-01
8.010448910322253147e-01
7.955896455984536875e-01
7.900456677827644159e-01
7.844098861668190592e-01
7.786791010634244170e-01
7.728499791451240997e-01
7.669190479246997816e-01
7.608826900983675090e-01
7.547371377653963043e-01
7.484784665412188565e-01
7.421025895848906151e-01
7.356052515660403968e-01
7.289820226012461157e-01
7.222282921951468371e-01
7.153392632275543672e-01
7.083099460344220999e-01
7.011351526377754828e-01
6.938094911876183657e-01
6.863273606874061850e-01
6.786829460839403083e-01
6.708702138124033043e-01
6.628829078977154232e-01
6.547145467243496997e-01
6.463584205980790198e-01
6.378075902346921344e-01
6.290548863223131004e-01
6.200929103153151045e-01
6.109140366286830437e-01
6.015104164115987473e-01
5.918739830876491581e-01
5.819964598558379221e-01
5.718693693509697695e-01
5.614840456633617416e-01
5.508316489155127282e-01
5.399031825866538181e-01
5.286895137642428910e-01
5.171813964837644884e-01
5.053694982939326286e-01
4.932444301530019004e-01
4.807967797228603346e-01
4.680171480806341044e-01
4.548961898125840619e-01
4.414246563923732714e-01
4.275934426758495888e-01
4.133936362683179322e-01
3.988165694391939686e-01
3.838538731747891952e-01
3.684975328749747758e-01
3.527399451162881450e-01
3.365739748256135755e-01
3.199930121381437953e-01
3.029910281542007033e-01
2.855626287649631334e-01
2.677031056902669515e-01
2.494084838650482694e-01
2.306755643267618117e-01
2.115019617954728426e-01
1.918861362016758276e-01
1.718274175035765239e-01
1.513260232438794761e-01
1.303830684233159010e-01
1.103457233738470156e-01
9.337963806218943508e-02
7.902215453410278700e-02
6.687219009194352026e-02
5.659033006703383800e-02
4.788934611970563360e-02
4.052617238769135044e-02
3.429511533299198223e-02
2.902210760127065317e-02
2.455984537277393007e-02
2.078367336451321379e-02
1.758810252940885832e-02
1.488386317277190334e-02
1.259541116361921273e-02
1.065881757572475531e-02
9.019982804589413497e-03
7.633125270891653880e-03
6.459502491676533467e-03
5.973945149998061317e-03
5.959028567702515967e-03
5.944149231217199167e-03
5.929307047541564415e-03
5.914501923907270961e-03
5.899733767777622616e-03
5.885002486846984023e-03
5.870307989040192582e-03
5.855650182512000743e-03
5.841028975646488791e-03
5.826444277056492399e-03
5.811895995583042304e-03
5.797384040294787516e-03
5.782908320487423724e-03
5.768468745683132982e-03
5.754065225630006913e-03
5.739697670301504608e-03
5.725365989895861950e-03
5.711070094835555590e-03
5.696809895766727014e-03
5.682585303558627433e-03
5.668396229303061806e-03
5.654242584313838062e-03
5.640124280126210254e-03
5.626041228496310442e-03
5.611993341400625668e-03
5.597980531035422896e-03
5.584002709816212988e-03
5.570059790377199054e-03
5.556151685570729151e-03
5.542278308466758521e-03
9.528439572352300629e-03
1.909428364109038712e-01
4.117561400610704747e-01
9.261455468545427561e-01
1.143061631730386329e+00
1.123263254421126511e+00
1.056947646813535924e+00
9.886771254916385532e-01
9.292801690278336135e-01
8.807583574436711471e-01
8.422763539442292835e-01
8.121807520537983605e-01
7.887707316299092941e-01
7.705665514869203259e-01
7.563683732500586787e-01
7.452352275744542620e-01
7.364405633041679611e-01
7.294268541798971661e-01
7.237667516083280406e-01
7.191321621089062921e-01
7.152704451030466037e-01
7.119863669282580076e-01
7.091284929547092553e-01
7.065789270556060986e-01
7.042455531917209965e-01
7.020561439901645828e-01
6.999538655766124329e-01
6.978938312444162850e-01
6.958404472613171077e-01
6.937653603320448337e-01
6.916458645353390500e-01
6.894636609089077606e-01
6.872038888897475939e-01
6.848543681260909066e-01
6.824050036077466963e-01
6.798473179272045419e-01
6.771740827224913550e-01
6.743790276388412774e-01
6.714566099689475154e-01
6.684018318490674293e-01
6.652100947652368479e-01
6.618770833578527801e-01
6.583986722524567403e-01
6.547708510023474426e-01
6.509896632906226888e-01
6.470511573713889630e-01
6.429513453830379976e-01
6.386861696800679722e-01
6.342514747345158188e-01
6.296429834774817103e-01
6.248562772040437974e-01
6.198867783656354380e-01
6.147297357340044677e-01
6.093802115491414595e-01
6.038330703669753108e-01
5.980829694066629454e-01
5.921243502661915903e-01
5.859514319320744402e-01
5.795582050567222865e-01
5.729384275175695151e-01
5.660856213066967069e-01
5.589930708296273476e-01
5.516538227178906517e-01
5.440606872823910978e-01
5.362062417537833969e-01
5.280828354720367157e-01
5.196825972000267413e-01
5.109974447450618129e-01
5.020190970773369399e-01
4.927390891349108237e-01
4.831487895003511168e-01
4.732394211240159576e-01
4.630020852524437402e-01
4.524277886968145479e-01
4.415074745453896887e-01
4.302320563847564783e-01
4.185924560473235911e-01
4.065796448467630109e-01
3.941846881992059348e-01
3.813987934565551963e-01
3.682133607002280318e-01
3.546200361604028850e-01
3.406107678392795712e-01
3.261778628292330007e-01
3.113140457308337661e-01
2.960125174945370530e-01
2.802670139367869351e-01
2.640718631197775945e-01
2.474220407375858355e-01
2.303132226230593105e-01
2.127418334824817403e-01
1.947050909808151764e-01
1.762010443406258620e-01
1.572286066830459461e-01
1.377875804286755046e-01
1.175007395648701575e-01
9.943454260962927838e-02
8.414609389354187063e-02
7.120830379175577263e-02
6.025974937486845012e-02
5.099457789840469712e-02
4.315396267016324838e-02
3.651887261128014539e-02
3.090395352547729846e-02
2.615235014702667338e-02
2.213132431903380368e-02
1.872854689389905070e-02
1.584895976854443223e-02
1.341212039396215763e-02
1.134995457677638597e-02
9.604854796328830477e-03
8.128070912928948843e-03
6.878348310986776536e-03
5.995646298413579746e-03
5.980675529653626046e-03
5.965742142004249945e-03
5.950846042127063210e-03
5.935987136916734234e-03
5.921165333500422526e-03
5.906380539237170678e-03
5.891632661717344926e-03
5.876921608762054883e-03
5.862247288422572401e-03
5.847609608979763458e-03
5.833008478943508754e-03
5.818443807052136457e-03
5.803915502271850616e-03
5.789423473796154358e-03
5.774967631045293051e-03
5.760547883665686174e-03
5.746164141529362668e-03
5.731816314733389345e-03
5.717504313599316643e-03
5.703228048672619177e-03
5.688987430722132824e-03
5.674782370739499607e-03
5.660612779938607383e-03
5.646478569755039069e-03
5.632379651845521862e-03
5.618315938087363459e-03
5.604287340577913425e-03
5.590293771634008944e-03
5.576335143791422318e-03
5.562411369804319723e-03
5.548522362644725189e-03
5.534668035501950738e-03
5.520848301782080303e-03
5.507063075107412886e-03
5.493312269315930862e-03
5.479595798460754411e-03
5.465913576809611554e-03
5.452265518844293460e-03
5.438651539260129682e-03
5.425071552965447796e-03
5.411525475081046914e-03
5.398013220939660781e-03
5.384534706085433026e-03
5.371089846273396744e-03
5.357678557468925455e-03
5.344300755847232638e-03
5.330956357792833097e-03
5.317645279899022547e-03
5.304367438967364998e-03
5.291122752007155865e-03
5.277911136234929301e-03
5.264732509073908294e-03
5.251586788153512000e-03
5.238473891308830128e-03
5.225393736580125070e-03
5.212346242212294138e-03
5.199331326654377770e-03
5.186348908559050390e-03
5.173398906782090446e-03
5.160481240381902500e-03
5.147595828618992467e-03
5.134742590955466285e-03
5.121921447054527711e-03
5.109132316779982190e-03
5.096375120195727713e-03
5.083649777565257821e-03
5.070956209351162002e-03
5.058294336214625223e-03
5.045664079014947415e-03
5.033065358809033461e-03
5.020498096850904875e-03
5.007962214591200195e-03
4.995457633676703146e-03
4.982984275949831759e-03
4.970542063448160457e-03
4.958130918403934329e-03
4.945750763243575605e-03
4.933401520587207476e-03
4.921083113248159689e-03
4.908795464232501050e-03
4.896538496738544154e-03
4.884312134156371804e-03
4.872116300067357367e-03
4.859950918243679044e-03
4.847815912647868847e-03
4.835711207432311261e-03
4.823636726938769666e-03
4.811592395697928369e-03
4.799578138428913822e-03
4.787593880038827111e-03
4.775639545622276452e-03
4.763715060460883659e-03
4.751820350022859137e-03
4.739955339962500548e-03
4.728119956119751326e-03
4.716314124519726224e-03
4.704537771372249884e-03
4.692790823071393662e-03
4.681073206195025468e-03
4.669384847504337924e-03
4.657725673943399064e-03
4.646095612638691773e-03
4.634494590898659283e-03
4.622922536213255017e-03
4.611379376253479413e-03
4.599865038870938443e-03
4.588379452097393445e-03
4.576922544144295356e-03
4.565494243402349293e-03
4.554094478441070466e-03
4.542723178008330545e-03
4.531380271029902297e-03
4.520065686609046722e-03
4.508779354026032533e-03
4.497521202737717223e-03
4.486291162377102106e-03
4.475089162752883890e-03
4.463915133849032275e-03
4.452769005824333721e-03
4.441650709011975111e-03
4.430560173919087519e-03
4.419497331226322073e-03
4.408462111787426682e-03
4.397454446628782862e-03
4.386474266949015426e-03
4.375521504118534515e-03
4.364596089679112327e-03
4.353697955343455508e-03
4.342827032994787950e-03
4.331983254686412772e-03
4.321166552641287316e-03
4.310376859251611147e-03
4.299614107078390639e-03
4.288878228851028714e-03
4.278169157466898097e-03
4.267486825990918047e-03
4.256831167655144091e-03
4.246202115858345623e-03
4.235599604165595639e-03
4.225023566307841393e-03
4.214473936181516688e-03
4.203950647848095183e-03
4.193453635533704420e-03
4.182982833628702546e-03
4.172538176687265454e-03
4.162119599427002541e-03
4.151727036728504808e-03
4.141360423634975370e-03
4.131019695351808782e-03
4.120704787246195523e-03
4.110415634846694387e-03
4.100152173842856913e-03
4.089914340084808454e-03
4.079702069582856992e-03
4.069515298507084614e-03
4.059353963186958063e-03
4.049218000110924552e-03
4.039107345926015377e-03
4.029021937437444328e-03
4.018961711608225185e-03
4.008926605558771859e-03
3.998916556566504618e-03
3.988931502065451960e-03
3.978971379645870714e-03
3.969036127053850518e-03
3.959125682190923513e-03
3.949239983113686167e-03
3.939378968033392485e-03
3.929542575315588850e-03
3.919730743479710698e-03
3.909943411198713893e-03
3.900180517298676170e-03
3.890442000758433279e-03
3.880727800709177396e-03
3.871037856434094565e-03
3.861372107367971786e-03
3.851730493096824047e-03
3.842112953357518755e-03
3.832519428037395835e-03
3.822949857173891727e-03
3.813404180954167288e-03
3.803882339714732656e-03
3.794384273941071688e-03
3.784909924267274191e-03
3.775459231475665131e-03
3.766032136496428196e-03
