3.463551327886048217e-03
3.454903048211558064e-03
3.446276362772072652e-03
3.437671217648085101e-03
3.429087559054718685e-03
3.420525333341402439e-03
3.411984486991516841e-03
3.403464966622075493e-03
3.394966718983388580e-03
3.386489690958722435e-03
7.378033829563977394e-03
1.908076433113219672e-01
6.373526953817572061e-01
1.444362499331737215e+00
1.387837486025974565e+00
1.314461281998574149e+00
1.238030555683337752e+00
1.169046199270519226e+00
1.113726847989137569e+00
1.073706714382960836e+00
1.047679059804473845e+00
1.033069644677775623e+00
1.027098797889961501e+00
1.027290690456413191e+00
1.031645619860090957e+00
1.038645332562587509e+00
1.047189420847344232e+00
1.056511692055661644e+00
1.066098868244120590e+00
1.075620807284991542e+00
1.084874959257655647e+00
1.093744566083987957e+00
1.102168632976378904e+00
1.110121212151592207e+00
1.117597616812292749e+00
1.124605540862504194e+00
1.131159507271383813e+00
1.137277494183218884e+00
1.142978941295536677e+00
1.148283606927842593e+00
1.153210936425639987e+00
1.157779730937328999e+00
1.162007988794574675e+00
1.165912843843570856e+00
1.169510556811749202e+00
1.172816534663125188e+00
1.175845363887393136e+00
1.178610849962101526e+00
1.181126058779778276e+00
1.183403357813209933e+00
1.185454455885967873e+00
1.187290441013944653e+00
1.188921816108119867e+00
1.190358532502344691e+00
1.191610021360649974e+00
1.192685223063785216e+00
1.193592614694925613e+00
1.194340235751001567e+00
1.194935712205110745e+00
1.195386279040541178e+00
1.195698801369919462e+00
1.195879794245206407e+00
1.195935441256132936e+00
1.195871612006802254e+00
1.195693878552601674e+00
1.195407530872510948e+00
1.195017591445379335e+00
1.194528828992704073e+00
1.193945771445053428e+00
1.193272718184267278e+00
1.192513751609152406e+00
1.191672748068328902e+00
1.190753388200286533e+00
1.189759166717422545e+00
1.188693401667934024e+00
1.187559243206774973e+00
1.186359681904529895e+00
1.185097556620917647e+00
1.183775561967703727e+00
1.182396255384049688e+00
1.180962063845767407e+00
1.179475290228481077e+00
1.177938119343409307e+00
1.176352623663279751e+00
1.174720768754805800e+00
1.173044418433119018e+00
1.171325339652679931e+00
1.169565207148278496e+00
1.167765607838997299e+00
1.165928045007247338e+00
1.164053942264321462e+00
1.162144647313256840e+00
1.160201435519246704e+00
1.158225513297238107e+00
1.156218021325855494e+00
1.154180037596323150e+00
1.152112580304553324e+00
1.150016610594174482e+00
1.147893035157846464e+00
1.145742708703828328e+00
1.143566436294405131e+00
1.141364975562420225e+00
1.139139038811848748e+00
1.136889295008038925e+00
1.134616371662928058e+00
1.132320856620301130e+00
1.130003299745858003e+00
1.127664214526634678e+00
1.125304079584044326e+00
1.122923340104638346e+00
1.120522409192400204e+00
1.118101669146228438e+00
1.115661472666052090e+00
1.113202143990834392e+00
1.110723979971545150e+00
1.108227251082005038e+00
1.105712202370358499e+00
1.103179054353757627e+00
1.100628003858708404e+00
1.098059224809380341e+00
1.095472868966051339e+00
1.092869066615722140e+00
1.090247927216818624e+00
1.087609539999787378e+00
1.084953974525256326e+00
1.082281281201348921e+00
1.079591491761616728e+00
1.076884619704965962e+00
1.074160660698850300e+00
1.071419592946910804e+00
1.068661377522161393e+00
1.065885958666717315e+00
1.063093264058992515e+00
1.060283205049203259e+00
1.057455676863940264e+00
1.054610558780495255e+00
1.051747714271539902e+00
1.048866991120705805e+00
1.045968221509518070e+00
1.043051222076078144e+00
1.040115793945817657e+00
1.037161722734580405e+00
1.034188778524209429e+00
1.031196715810769327e+00
1.028185273425443302e+00
1.025154174428093423e+00
1.022103125973409687e+00
1.019031819149481821e+00
1.015939928788581526e+00
1.012827113249884059e+00
1.009693014173747239e+00
1.006537256207141517e+00
1.003359446699735980e+00
1.000159175370059161e+00
9.969360139411003185e-01
9.936895157446365978e-01
9.904192152934804261e-01
9.871246278207845837e-01
9.838052487854365147e-01
9.804605533425120312e-01
9.770899957776538747e-01
9.736930089041622161e-01
9.702690034214842552e-01
9.668173672337047053e-01
9.633374647265280366e-01
9.598286360011497598e-01
9.562901960633034548e-01
9.527214339656691067e-01
9.491216119017007458e-01
9.454899642488318046e-01
9.418256965588812646e-01
9.381279844933648748e-01
9.343959727012967065e-01
9.306287736369127650e-01
9.268254663146309191e-01
9.229850949984216291e-01
9.191066678226054165e-01
9.151891553409702285e-01
9.112314890009366453e-01
9.072325595393621045e-01
9.031912152964205465e-01
8.991062604438433414e-01
8.949764531236664711e-01
8.908005034934750599e-01
8.865770716740022372e-01
8.823047655948010881e-01
8.779821387335841054e-01
8.736076877447093159e-01
8.691798499721914428e-01
8.646970008425336474e-01
8.601574511326172123e-01
8.555594441078480106e-01
8.509011525257680342e-01
8.461806755003578040e-01
8.413960352223639472e-01
8.365451735311054682e-01
8.316259483334201841e-01
8.266361298656897949e-01
8.215733967952368877e-01
8.164353321578542433e-01
8.112194191287988021e-01
8.059230366252873035e-01
8.005434547393849298e-01
7.950778300012130151e-01
7.895232004736030262e-01
7.838764806807756447e-01
7.781344563753000987e-01
7.722937791495378956e-01
7.663509609000407341e-01
7.603023681559792912e-01
7.541442162856406561e-01
7.478725635984346809e-01
7.414833053636801230e-01
7.349721677717740986e-01
7.283347018682075902e-01
7.215662774963165216e-01
7.146620772906747687e-01
7.076170907697040269e-01
7.004261085833796141e-01
6.930837169798930164e-01
6.855842925637907204e-01
6.779219974274128813e-01
6.700907747474111886e-01
6.620843449486157883e-01
6.538962025485486329e-01
6.455196138072251122e-01
6.369476153184753242e-01
6.281730136905979700e-01
6.191883864754877953e-01
6.099860845161443335e-01
6.005582358922975095e-01
5.908967516523329078e-01
5.809933335262723597e-01
5.708394838186560127e-01
5.604265176812335270e-01
5.497455779626132522e-01
5.387876528248164432e-01
5.275435963042706122e-01
5.160041519764063667e-01
5.041599798580815861e-01
4.920016866498694297e-01
4.795198593804412823e-01
4.667051024674818693e-01
4.535480781538385742e-01
4.400395502141071780e-01
4.261704307562498295e-01
4.119318298660841204e-01
3.973151077610055926e-01
3.823119290349563104e-01
3.669143184917204592e-01
3.511147179807815877e-01
3.349060435722231444e-01
3.182817423377348742e-01
3.012358479470121919e-01
2.837630342459822042e-01
2.658586659583773715e-01
2.475188456478094878e-01
2.287404560956156629e-01
2.095211972916051490e-01
1.898596173006152077e-01
1.697551363567915694e-01
1.492080636478974598e-01
1.281913253427803268e-01
1.084814091314236090e-01
9.180196940527304839e-02
7.768705858601791803e-02
6.574237035268569451e-02
5.563422451892868770e-02
4.708024552838657034e-02
3.984147416774036499e-02
3.371569213464806203e-02
2.853177297939426052e-02
2.414490161129209667e-02
2.043252882461960712e-02
1.729094783197045529e-02
1.463239716895345204e-02
1.238260903859297705e-02
1.047873460733918759e-02
8.867588294907911492e-03
7.504162011404825854e-03
6.350367836286216483e-03
5.990059680515961126e-03
5.975102861205416373e-03
5.960183388174507269e-03
5.945301168171826349e-03
5.930456108178789459e-03
5.915648115409087582e-03
5.900877097308093559e-03
5.886142961552274892e-03
5.871445616048632556e-03
5.856784968934112927e-03
5.842160928575050073e-03
5.827573403566566404e-03
5.813022302732024499e-03
5.798507535122454648e-03
5.784029010015973721e-03
5.769586636917226584e-03
5.755180325556823184e-03
5.740809985890765223e-03
5.726475528099895379e-03
5.712176862589324854e-03
5.697913899987879123e-03
5.683686551147535890e-03
5.669494727142876042e-03
5.655338339270515532e-03
5.641217299048558939e-03
5.627131518216046957e-03
5.613080908732403021e-03
5.599065382776882531e-03
5.585084852748020343e-03
5.571139231263089533e-03
5.557228431157551496e-03
5.543352365484512101e-03
5.529510947514181332e-03
5.515704090733329450e-03
5.501931708844734481e-03
5.488193715766664406e-03
5.474490025632321177e-03
5.460820552789319438e-03
5.447185211799137478e-03
5.433583917436583810e-03
5.420016584689274150e-03
5.406483128757098855e-03
5.392983465051684293e-03
5.379517509195866354e-03
5.366085177023168298e-03
5.352686384577275136e-03
5.339321048111506270e-03
5.325989084088282068e-03
5.312690409178620794e-03
5.299424940261600846e-03
5.286192594423858547e-03
5.272993288959055593e-03
5.259826941367355159e-03
5.246693469354934448e-03
5.233592790833446057e-03
5.220524823919512301e-03
5.207489486934210876e-03
5.194486698402575250e-03
5.181516377053060375e-03
5.168578441817070837e-03
5.155672811828423095e-03
5.142799406422857156e-03
5.129958145137523962e-03
5.117148947710481455e-03
5.104371734080202783e-03
5.091626424385071494e-03
5.078912938962872395e-03
5.066231198350315372e-03
5.053581123282504563e-03
5.040962634692482992e-03
5.028375653710716493e-03
5.015820101664594105e-03
5.003295900077952760e-03
4.990802970670575080e-03
4.978341235357710594e-03
4.965910616249577005e-03
4.953511035650879669e-03
4.941142416060323277e-03
4.928804680170131326e-03
4.916497750865558673e-03
4.904221551224411009e-03
4.891976004516563475e-03
4.879761034203478412e-03
4.867576563937743052e-03
4.855422517562562983e-03
4.843298819111315455e-03
4.831205392807055854e-03
4.819142163062052793e-03
4.807109054477308463e-03
4.795105991842093726e-03
4.783132900133477139e-03
4.771189704515854842e-03
4.759276330340484785e-03
4.747392703145014888e-03
4.735538748653021594e-03
4.723714392773551048e-03
4.711919561600638566e-03
4.700154181412870627e-03
4.688418178672901747e-03
4.676711480027011258e-03
4.665034012304638406e-03
4.653385702517916570e-03
4.641766477861233517e-03
4.630176265710771698e-03
4.618614993624037268e-03
4.607082589339435950e-03
4.595578980775794249e-03
4.584104096031924036e-03
4.572657863386177593e-03
4.561240211295988778e-03
4.549851068397415925e-03
4.538490363504726378e-03
4.527158025609931587e-03
4.515853983882335207e-03
4.504578167668111567e-03
4.493330506489844230e-03
4.482110930046098382e-03
4.470919368210986289e-03
4.459755751033702385e-03
4.448620008738119955e-03
4.437512071722329692e-03
4.426431870558225103e-03
4.415379335991043673e-03
4.404354398938954869e-03
4.393356990492622988e-03
4.382387041914774344e-03
4.371444484639760118e-03
4.360529250273143496e-03
4.349641270591266852e-03
4.338780477540814598e-03
4.327946803238404659e-03
4.317140179970153056e-03
4.306360540191248032e-03
4.295607816525536318e-03
4.284881941765099865e-03
4.274182848869840373e-03
4.263510470967044746e-03
4.252864741350977432e-03
4.242245593482469289e-03
4.231652960988493452e-03
4.221086777661750729e-03
4.210546977460261943e-03
4.200033494506948128e-03
4.189546263089215065e-03
4.179085217658562966e-03
4.168650292830151059e-03
4.158241423382402942e-03
4.147858544256598050e-03
4.137501590556463132e-03
4.127170497547768060e-03
4.116865200657919902e-03
4.106585635475556995e-03
4.096331737750149964e-03
4.086103443391603599e-03
4.075900688469845726e-03
4.065723409214438630e-03
4.055571542014172262e-03
4.045445023416668721e-03
4.035343790127993678e-03
4.025267779012244376e-03
4.015216927091172332e-03
4.005191171543779141e-03
3.995190449705925302e-03
3.985214699069944237e-03
3.975263857284243307e-03
3.965337862152919571e-03
3.955436651635367735e-03
3.945560163845895051e-03
3.935708337053338800e-03
3.925881109680664713e-03
3.916078420304601806e-03
3.906300207655244265e-03
3.896546410615675440e-03
3.886816968221585775e-03
3.877111819660887266e-03
3.867430904273336592e-03
3.857774161550155210e-03
3.848141531133652052e-03
3.838532952816846658e-03
3.828948366543090572e-03
3.819387712405691339e-03
3.809850930647542145e-03
3.800337961660745379e-03
3.790848745986242271e-03
3.781383224313434287e-03
3.771941337479827079e-03
3.762523026470645376e-03
3.753128232418468692e-03
3.743756896602869633e-03
3.734408960450038770e-03
3.725084365532425976e-03
3.715783053568366169e-03
3.706504966421724553e-03
3.697250046101525391e-03
3.688018234761592049e-03
3.678809474700193548e-03
3.669623708359670295e-03
3.660460878326080199e-03
3.651320927328842187e-03
3.642203798240376249e-03
3.633109434075747820e-03
3.624037777992307821e-03
3.614988773289344853e-03
3.605962363407718297e-03
3.596958491929516579e-03
3.587977102577701981e-03
3.579018139215753291e-03
3.570081545847319290e-03
3.561167266615871806e-03
3.552275245804349668e-03
3.543405427834816525e-03
3.534557757268108266e-03
3.525732178803488680e-03
3.516928637278305542e-03
3.508147077667645840e-03
3.499387445083987531e-03
3.490649684776865169e-03
3.481933742132512985e-03
3.473239562673539633e-03
3.464567092058576468e-03
3.455916276081944481e-03
3.447287060673312562e-03
3.438679391897359657e-03
3.430093215953436501e-03
3.421528479175233416e-03
3.412985128030440740e-03
3.404463109120415328e-03
3.395962369179850518e-03
3.387482855076433090e-03
7.379024513810526764e-03
1.908084668714525312e-01
6.373632832067419596e-01
1.444362605755860507e+00
1.387837217414143787e+00
1.314460668012057409e+00
1.238029440895849209e+00
1.169044439332102447e+00
1.113724331191375594e+00
1.073703371250260608e+00
1.047674864011887585e+00
1.033064608145281227e+00
1.027092963077568255e+00
1.027284121582652476e+00
1.031638394030923056e+00
1.038637531677458536e+00
1.047181125047705663e+00
1.056502975169576253e+00
1.066089795259305140e+00
1.075611433529351846e+00
1.084865330783437276e+00
1.093734720739810484e+00
1.102158601750091060e+00
1.110111020505379020e+00
1.117587285859451995e+00
1.124595088329511494e+00
1.131148948246328834e+00
1.137266841679835716e+00
1.142968206670905706e+00
1.148272800190191179e+00
1.153200066462480633e+00
1.157768805687086067e+00
1.161997015378432696e+00
1.165901828669271278e+00
1.169499505657318750e+00
1.172805452745954824e+00
1.175834255922344473e+00
1.178599720211147339e+00
1.181114911094962805e+00
1.183392195674180636e+00
1.185443282433036760e+00
1.187279259077402616e+00
1.188910628234364442e+00
1.190347340977285340e+00
1.191598828230761242e+00
1.192674030155110865e+00
1.193581423630309057e+00
1.194329047965740687e+00
1.194924528961232246e+00
1.195375101439844379e+00
1.195687630365936505e+00
1.195868630654178144e+00
1.195924285767113515e+00
1.195860465190969224e+00
1.195682740871852001e+00
1.195396402687404436e+00
1.195006473022488525e+00
1.194517720511427683e+00
1.193934673003921976e+00
1.193261629806797286e+00
1.192502673249275613e+00
1.191661679615431568e+00
1.190742329483883477e+00
1.189748117511502112e+00
1.188682361694982204e+00
1.187548212141511961e+00
1.186348659377377768e+00
1.185086542221212458e+00
1.183764555246666683e+00
1.182385255857545614e+00
1.180951070996851149e+00
1.179464303509748735e+00
1.177927138179170496e+00
1.176341647451560446e+00
1.174709796869185308e+00
1.173033450224427066e+00
1.171314374450541207e+00
1.169554244262535070e+00
1.167754646561003806e+00
1.165917084611049370e+00
1.164042982007718496e+00
1.162133686438775682e+00
1.160190473255006793e+00
1.158214548857729342e+00
1.156207053912632343e+00
1.154169066398613497e+00
1.152101604499794929e+00
1.150005629348478164e+00
1.147882047626392676e+00
1.145731714031198445e+00
1.143555433614852568e+00
1.141353964000084709e+00
1.139128017480917299e+00
1.136878263012852441e+00
1.134605328098041710e+00
1.132309800570496794e+00
1.129992230286112953e+00
1.127653130722044317e+00
1.125292980489711381e+00
1.122912224765518108e+00
1.120511276643105791e+00
1.118090518410805423e+00
1.115650302757714263e+00
1.113190953911668890e+00
1.110712768712180054e+00
1.108216017621246552e+00
1.105700945674796154e+00
1.103167773377337291e+00
1.100616697542279532e+00
1.098047892080205479e+00
1.095461508737289202e+00
1.092857677785878723e+00
1.090236508669170101e+00
1.087598090601770151e+00
1.084942493127829088e+00
1.082269766638319197e+00
1.079579942848944096e+00
1.076873035240024423e+00
1.074149039459664223e+00
1.071407933691354897e+00
1.068649678987125817e+00
1.065874219567241044e+00
1.063081483087357837e+00
1.060271380873995195e+00
1.057443808129069351e+00
1.054598644104172811e+00
1.051735752245222644e+00
1.048854980307991624e+00
1.045956160444999616e+00
1.043039109264149999e+00
1.040103627859436441e+00
1.037149501813973140e+00
1.034176501175534835e+00
1.031184380404718048e+00
1.028172878295785075e+00
1.025141717870170499e+00
1.022090606242557431e+00
1.019019234459391798e+00
1.015927277309600196e+00
1.012814393107229538e+00
1.009680223445661662e+00
1.006524392922962141e+00
1.003346508837883899e+00
1.000146160855945210e+00
9.969229206449383707e-01
9.936763414791637272e-01
9.904059578115789186e-01
9.871112848130005890e-01
9.837918178773876754e-01
9.804470320921839788e-01
9.770763816725739348e-01
9.736792993584477696e-01
9.702551957727602039e-01
9.668034587398800506e-01
9.633234525624273514e-01
9.598145172549900073e-01
9.562759677330109342e-01
9.527070929550258693e-01
9.491071550163138193e-01
9.454753881919143454e-01
9.418109979268369791e-01
9.381131597711683812e-01
9.343810182576529622e-01
9.306136857191904532e-01
9.268102410435595795e-01
9.229697283625323267e-01
9.190911556724120635e-01
9.151734933828705731e-01
9.112156727908262699e-01
9.072165844759426667e-01
9.031750766141871667e-01
8.990899532057406995e-01
8.949599722133918522e-01
8.907838436074152488e-01
8.865602273127890509e-01
8.822877310544628982e-01
8.779649080962793617e-01
8.735902548690241964e-01
8.691622084829806472e-01
8.646791441202863471e-01
8.601393723023298410e-01
8.555411360273854626e-01
8.508826077736884042e-01
8.461618863631911180e-01
8.413769936813203509e-01
8.365258712481962178e-01
8.316063766369756749e-01
8.266162797352585301e-01
8.215532588458501762e-01
8.164148966236483007e-01
8.111986758459807101e-01
8.059019750144410521e-01
8.005220637871170997e-01
7.950560982411328803e-01
7.895011159666509570e-01
7.838540309949103557e-01
7.781116285645655051e-01
7.722705597325331128e-01
7.663273358378431821e-01
7.602783228295554308e-01
7.541197354728176316e-01
7.478476314505003719e-01
7.414579053817066390e-01
7.349462827827751843e-01
7.283083140012588386e-01
7.215393681587886077e-01
7.146346271447601151e-01
7.075890797094396278e-01
7.003975157124009421e-01
6.930545205901864625e-01
6.855544701157452181e-01
6.778915255315158817e-01
6.700596291479622435e-01
6.620525005098886195e-01
6.538636332438617638e-01
6.454862927114366489e-01
6.369135146044605511e-01
6.281381046303080584e-01
6.191526394462397720e-01
6.099494690128295371e-01
6.005207205462276265e-01
5.908583042574827582e-01
5.809539210736872628e-01
5.707990725398141008e-01
5.603850731011430497e-01
5.497030649634059296e-01
5.387440357205640629e-01
5.274988389276882295e-01
5.159582177780246415e-01
5.041128320183514422e-01
4.919532882045347666e-01
4.794701733593247917e-01
4.666540920466467068e-01
4.534957068208345099e-01
4.399857819457603791e-01
4.261152302081589460e-01
4.118751625726737586e-01
3.972569403446638558e-01
3.822522294224482420e-01
3.668530561357361552e-01
3.510518640841620575e-01
3.348415713121176140e-01
3.182156270866891012e-01
3.011680674877879049e-01
2.836935689767739466e-01
2.657874990850362384e-01
2.474459633597022312e-01
2.286658477218754815e-01
2.094448554347323743e-01
1.897815379446966544e-01
1.696753189479989488e-01
1.491265111453960179e-01
1.281092852494097045e-01
1.084119830223611164e-01
9.174321783123735863e-02
7.763734029561852878e-02
6.570029644333412466e-02
5.559861963722607936e-02
4.705011503610301987e-02
3.981597635615285319e-02
3.369411471103234135e-02
2.851351316881035880e-02
2.412944931779783392e-02
2.041945238151327002e-02
1.727988194298920796e-02
1.462303270355950514e-02
1.237468439627430541e-02
1.047202840968272652e-02
8.861913201294967582e-03
7.499359485567454013e-03
6.346303717525952903e-03
5.986226152356608106e-03
5.971278905135666941e-03
5.956368980293435915e-03
5.941496284638169041e-03
5.926660725210824814e-03
5.911862209284475533e-03
5.897100644363720973e-03
5.882375938184121987e-03
5.867687998711615047e-03
5.853036734141937175e-03
5.838422052900062165e-03
5.823843863639615974e-03
5.809302075242311209e-03
5.794796596817377264e-03
5.780327337700998276e-03
5.765894207455731987e-03
5.751497115869958973e-03
5.737135972957304979e-03
5.722810688956098818e-03
5.708521174328792976e-03
5.694267339761400690e-03
5.680049096162965126e-03
5.665866354664966104e-03
5.651719026620791869e-03
5.637607023605180519e-03
5.623530257413654476e-03
5.609488640061974056e-03
5.595482083785602301e-03
5.581510501039138594e-03
5.567573804495777427e-03
5.553671907046768899e-03
5.539804721800863606e-03
5.525972162083772274e-03
5.512174141437627996e-03
5.498410573620446731e-03
5.484681372605584339e-03
5.470986452581194474e-03
5.457325727949705572e-03
5.443699113327277878e-03
5.430106523543264813e-03
5.416547873639683021e-03
5.403023078870698021e-03
5.389532054702066491e-03
5.376074716810628866e-03
5.362650981083776774e-03
5.349260763618917877e-03
5.335903980722965859e-03
5.322580548911809602e-03
5.309290384909799709e-03
5.296033405649204669e-03
5.282809528269724261e-03
5.269618670117949197e-03
5.256460748746851104e-03
5.243335681915261247e-03
5.230243387587368321e-03
5.217183783932204111e-03
5.204156789323117864e-03
5.191162322337281032e-03
5.178200301755170321e-03
5.165270646560067222e-03
5.152373275937536731e-03
5.139508109274952032e-03
5.126675066160948056e-03
5.113874066384959186e-03
5.101105029936691890e-03
5.088367877005635538e-03
5.075662527980562798e-03
5.062988903449031769e-03
5.050346924196890720e-03
5.037736511207768948e-03
5.025157585662609269e-03
5.012610068939152806e-03
5.000093882611457603e-03
4.987608948449405964e-03
4.975155188418220464e-03
4.962732524677966085e-03
4.950340879583074033e-03
4.937980175681847342e-03
4.925650335715983826e-03
4.913351282620086885e-03
4.901082939521199736e-03
4.888845229738295398e-03
4.876638076781826536e-03
4.864461404353236269e-03
4.852315136344471577e-03
4.840199196837526203e-03
4.828113510103949728e-03
4.816058000604384395e-03
4.804032592988086332e-03
4.792037212092463243e-03
4.780071782942593890e-03
4.768136230750772732e-03
4.756230480916025932e-03
4.744354459023660334e-03
4.732508090844788143e-03
4.720691302335868964e-03
4.708904019638242289e-03
4.697146169077664329e-03
4.685417677163864793e-03
4.673718470590058557e-03
4.662048476232513727e-03
4.650407621150081522e-03
4.638795832583735707e-03
4.627213037956136310e-03
4.615659164871156045e-03
4.604134141113446627e-03
4.592637894647964326e-03
4.581170353619538026e-03
4.569731446352421657e-03
4.558321101349830165e-03
4.546939247293501490e-03
4.535585813043252479e-03
4.524260727636538262e-03
4.512963920287994292e-03
4.501695320389012198e-03
4.490454857507281822e-03
4.479242461386357538e-03
4.468058061945230641e-03
4.456901589277870515e-03
4.445772973652790082e-03
4.434672145512642480e-03
4.423599035473743148e-03
4.412553574325654357e-03
4.401535693030755002e-03
4.390545322723805183e-03
4.379582394711525536e-03
4.368646840472154881e-03
4.357738591655022607e-03
4.346857580080129742e-03
4.336003737737723941e-03
4.325176996787854534e-03
4.314377289559975272e-03
4.303604548552508041e-03
4.292858706432414392e-03
4.282139696034793948e-03
4.271447450362446385e-03
4.260781902585455971e-03
4.250142986040783034e-03
4.239530634231838957e-03
4.228944780828074179e-03
4.218385359664563600e-03
4.207852304741591977e-03
4.197345550224234993e-03
4.186865030441967207e-03
4.176410679888222302e-03
4.165982433220010578e-03
4.155580225257498282e-03
4.145203990983603419e-03
4.134853665543581150e-03
4.124529184244628277e-03
4.114230482555482522e-03
4.103957496106002724e-03
4.093710160686775922e-03
4.083488412248726177e-03
4.073292186902692166e-03
4.063121420919055954e-03
4.052976050727311041e-03
4.042856012915688538e-03
4.032761244230760773e-03
4.022691681577030172e-03
4.012647262016555416e-03
4.002627922768541187e-03
3.992633601208953054e-03
3.982664234870125428e-03
3.972719761440372116e-03
3.962800118763591672e-03
3.952905244838890095e-03
3.943035077820175767e-03
3.933189556015789096e-03
3.923368617888110463e-03
3.913572202053172515e-03
3.903800247280287631e-03
3.894052692491649370e-03
3.884329476761962975e-03
3.874630539318063300e-03
3.864955819538523629e-03
3.855305256953294856e-03
3.845678791243309531e-03
3.836076362240118873e-03
3.826497909925510692e-03
3.816943374431131224e-03
3.807412696038118671e-03
3.797905815176721989e-03
3.788422672425933134e-03
3.778963208513119298e-03
3.769527364313641268e-03
3.760115080850491738e-03
3.750726299293927549e-03
3.741360960961100622e-03
3.732019007315689335e-03
3.722700379967532926e-03
3.713405020672265900e-03
3.704132871330961113e-03
3.694883873989755502e-03
3.685657970839496204e-03
3.676455104215372357e-03
3.667275216596566426e-03
3.658118250605876896e-03
3.648984149009376968e-03
3.639872854716048531e-03
3.630784310777423508e-03
3.621718460387235178e-03
3.612675246881052581e-03
3.603654613735938778e-03
3.594656504570085259e-03
3.585680863142468467e-03
3.576727633352496348e-03
3.567796759239655769e-03
3.558888184983162971e-03
3.550001854901616190e-03
3.541137713452646111e-03
3.532295705232568490e-03
3.523475774976040677e-03
3.514677867555714673e-03
3.505901927981888884e-03
3.497147901402171584e-03
3.488415733101132669e-03
3.479705368499961919e-03
3.471016753156131590e-03
3.462349832763049473e-03
3.453704553149729295e-03
3.445080860280442039e-03
3.436478700254383314e-03
3.427898019305339414e-03
3.419338763801340816e-03
3.410800880244339514e-03
3.402284315269867281e-03
3.393789015646706073e-03
3.385314928276549756e-03
