2.888716001665357490e-08
2.647225409252971899e-08
2.433176794450959240e-08
2.243451766376660942e-08
2.075286294946318867e-08
1.926230442814600002e-08
1.794112673168002551e-08
1.677008213513555397e-08
1.573211014371398592e-08
1.481208894551439801e-08
4.000013996615108328e-03
2.342446056417989142e-01
8.787641511584354248e-01
9.818121430335151612e-01
9.963789108487346446e-01
9.994360601950444956e-01
1.000463883185773950e+00
1.001018534996231502e+00
1.001451452239382256e+00
1.001864445228624723e+00
1.002292540262510245e+00
1.002748562291562839e+00
1.003236372114451047e+00
1.003755557051575265e+00
1.004303421940276220e+00
1.004876007451887654e+00
1.005468701972471290e+00
1.006076648261906570e+00
1.006695023141122025e+00
1.007319225953274167e+00
1.007944996930779658e+00
1.008568481417532858e+00
1.009186253497851071e+00
1.009795310718381023e+00
1.010393049667159149e+00
1.010977230190031495e+00
1.011545934122328516e+00
1.012097522724559440e+00
1.012630595608350337e+00
1.013143952841490503e+00
1.013636561108238521e+00
1.014107524231892432e+00
1.014556057992366700e+00
1.014981468945005627e+00
1.015383136826785160e+00
1.015760500088948692e+00
1.016113044095153350e+00
1.016440291552495490e+00
1.016741794786025777e+00
1.017017129516713858e+00
1.017265889852523308e+00
1.017487684249100521e+00
1.017682132238677095e+00
1.017848861762533641e+00
1.017987506973646150e+00
1.018097706402288249e+00
1.018179101398904329e+00
1.018231334786072306e+00
1.018254049665475058e+00
1.018246888337001499e+00
1.018209491295994251e+00
1.018141496281552483e+00
1.018042537354191923e+00
1.017912243985266363e+00
1.017750240143681761e+00
1.017556143367721821e+00
1.017329563811494308e+00
1.017070103256660030e+00
1.016777354080857121e+00
1.016450898174658724e+00
1.016090305799013604e+00
1.015695134375068642e+00
1.015264927197929934e+00
1.014799212065468970e+00
1.014297499812619296e+00
1.013759282740775536e+00
1.013184032930937173e+00
1.012571200428048268e+00
1.011920211282634652e+00
1.011230465434262538e+00
1.010501334419535713e+00
1.009732158885259468e+00
1.008922245885025104e+00
1.008070865934738602e+00
1.007177249799460439e+00
1.006240584980318431e+00
1.005260011866096370e+00
1.004234619509293047e+00
1.003163440980879617e+00
1.002045448251554838e+00
1.000879546539785281e+00
9.996645680582167959e-01
9.983992650798336754e-01
9.970823022333179519e-01
9.957122479230491319e-01
9.942875647526808747e-01
9.928065988117726892e-01
9.912675676618670773e-01
9.896685468310416622e-01
9.880074545933187347e-01
9.862820347703490365e-01
9.844898372460653135e-01
9.826281958288300977e-01
9.806942030278642530e-01
9.786846812287756103e-01
9.765961496535403574e-01
9.744247863691826161e-01
9.721663844615301420e-01
9.698163013093870077e-01
9.673693996721913768e-01
9.648199790307927515e-01
9.621616952839865400e-01
9.593874664876729241e-01
9.564893618105360096e-01
9.534584702480368712e-01
9.502847448601198233e-01
9.469568173502662667e-01
9.434617766585173815e-01
9.397849038815234701e-01
9.359093542641618857e-01
9.318157752861895293e-01
9.274818481530368031e-01
9.228817386489885921e-01
9.179854430471164894e-01
9.127580169775665331e-01
9.071586823728022830e-01
9.011398243148071030e-01
8.946459233612602535e-01
8.876125316825828060e-01
8.799655100877541436e-01
8.716209169642655796e-01
8.624861879311399582e-01
8.524635300802132498e-01
8.414566284223676806e-01
8.293814869232380982e-01
8.161810155745412576e-01
8.018406053487631135e-01
7.863992898098474127e-01
7.699505259004719715e-01
7.526301718144876585e-01
7.345954586937524233e-01
7.160028869556704922e-01
6.969919369122933306e-01
6.776770885155920521e-01
6.581467662737460200e-01
6.384663364073097647e-01
6.186826389179275187e-01
5.988285170765491605e-01
5.789266575784318691e-01
5.589925718185366765e-01
5.390367918190138719e-01
5.190664351485265726e-01
4.990862966652011568e-01
4.790995996217367603e-01
4.591085076891641137e-01
4.391144718789717349e-01
4.191184646486268428e-01
3.991211374506339893e-01
3.791229265688563221e-01
3.591241241300101028e-01
3.391249257107189496e-01
3.191254622366468952e-01
2.991258213487861251e-01
2.791260617112905629e-01
2.591262225910922479e-01
2.391263302711042205e-01
2.191264023433152353e-01
1.991264505825094955e-01
1.791264828698203859e-01
1.591265044802529782e-01
1.391265189444681749e-01
1.217330309076690292e-01
1.078998109195911104e-01
9.563853807700133103e-02
8.477058339057461089e-02
7.513761636555651990e-02
6.659929842247216958e-02
5.903123840507307207e-02
5.232318040285085375e-02
4.637739749421297686e-02
4.110726801336515163e-02
3.643601360141055651e-02
3.229558065821975382e-02
2.862564890023844982e-02
2.537275258084134913e-02
2.248950157098305452e-02
1.993389095260459862e-02
1.766868906668540504e-02
1.566089510075774349e-02
1.388125831376107663e-02
1.230385189406325505e-02
1.090569524238975581e-02
9.666419176875834171e-03
8.567969182764945471e-03
7.594342383529477727e-03
6.731354401460254086e-03
5.966432711216679112e-03
5.288433475793168255e-03
4.687479196461936601e-03
4.154814811482026270e-03
3.682680147136275194e-03
3.264196862888118188e-03
2.893268243608648066e-03
2.564490378987956901e-03
2.273073436139887681e-03
2.014771878452821172e-03
1.785822614073356894e-03
1.582890172933196400e-03
1.403018113625580316e-03
1.243585952197713215e-03
1.102270985372159765e-03
9.770144520151451562e-04
8.659915398718348286e-04
7.675848006088142449e-04
6.803605858582347258e-04
6.030481609698328579e-04
5.345211921874836337e-04
4.737813375444136399e-04
4.199437024194145043e-04
3.722239478619107905e-04
3.299268638722411282e-04
2.924362411658702906e-04
2.592058938673275233e-04
2.297517023471055400e-04
2.036445602768061818e-04
1.805041231510074091e-04
1.599932672005766174e-04
1.418131779715635311e-04
1.256989970171452366e-04
1.114159632810280125e-04
9.875599295766659632e-05
8.753464800265693744e-05
7.758844912874568564e-05
6.877249414157287288e-05
6.095834691763631601e-05
5.403216626984405087e-05
4.789304744084691573e-05
4.245155206203338010e-05
3.762840516174722366e-05
3.335334023996419753e-05
2.956407558378297654e-05
2.620540691008114802e-05
2.322840311641091019e-05
2.058969342335158131e-05
1.825083552298087657e-05
1.617775552827460127e-05
1.434025156428032196e-05
1.271155376908462186e-05
1.126793429440469226e-05
9.988361624058297541e-06
8.854194174216646580e-06
7.848908711624951370e-06
6.957859633224444581e-06
6.168065600218568397e-06
5.468020418136910327e-06
4.847525407688460874e-06
4.297540824279308908e-06
3.810054161586687425e-06
3.377963420556375252e-06
2.994973643215768002e-06
2.655505203946625972e-06
2.354612522148156838e-06
2.087912012048458655e-06
1.851518219993790190e-06
1.641987218825956565e-06
1.456266434682389579e-06
1.291650175265910590e-06
1.145740211693700249e-06
1.016410839657588900e-06
9.017779108858989559e-07
8.001713837391041532e-07
7.101109930387481040e-07
6.302846846750735600e-07
5.595295008132517589e-07
4.968146372239911914e-07
4.412264259080336028e-07
3.919550242310800370e-07
3.482826166485740336e-07
3.095729571371479931e-07
2.752620999797828444e-07
2.448501838648272575e-07
2.178941496057224092e-07
1.940012853879028074e-07
1.728235055065445661e-07
1.540522792443445091e-07
1.374141360101045795e-07
1.226666812545775821e-07
1.095950651203190256e-07
9.800885237959504275e-08
8.773924805909307027e-08
7.863663833301698711e-08
7.056841085855302415e-08
6.341702279941252178e-08
5.707828839061517530e-08
5.145986109756865077e-08
4.647988825587444637e-08
4.206581859234344356e-08
3.815334525427243348e-08
3.468546894797994454e-08
3.161166753953406869e-08
2.888716001665357490e-08
2.647225409252971899e-08
2.433176794450959240e-08
2.243451766376660942e-08
2.075286294946318867e-08
1.926230442814600002e-08
1.794112673168002551e-08
1.677008213513555397e-08
1.573211014371398592e-08
1.481208894551439801e-08
4.000013996615108328e-03
2.342446056417989142e-01
8.787641511584354248e-01
9.818121430335151612e-01
9.963789108487346446e-01
9.994360601950444956e-01
1.000463883185773950e+00
1.001018534996231502e+00
1.001451452239382256e+00
1.001864445228624723e+00
1.002292540262510245e+00
1.002748562291562839e+00
1.003236372114451047e+00
1.003755557051575265e+00
1.004303421940276220e+00
1.004876007451887654e+00
1.005468701972471290e+00
1.006076648261906570e+00
1.006695023141122025e+00
1.007319225953274167e+00
1.007944996930779658e+00
1.008568481417532858e+00
1.009186253497851071e+00
1.009795310718381023e+00
1.010393049667159149e+00
1.010977230190031495e+00
1.011545934122328516e+00
1.012097522724559440e+00
1.012630595608350337e+00
1.013143952841490503e+00
1.013636561108238521e+00
1.014107524231892432e+00
1.014556057992366700e+00
1.014981468945005627e+00
1.015383136826785160e+00
1.015760500088948692e+00
1.016113044095153350e+00
1.016440291552495490e+00
1.016741794786025777e+00
1.017017129516713858e+00
1.017265889852523308e+00
1.017487684249100521e+00
1.017682132238677095e+00
1.017848861762533641e+00
1.017987506973646150e+00
1.018097706402288249e+00
1.018179101398904329e+00
1.018231334786072306e+00
1.018254049665475058e+00
1.018246888337001499e+00
1.018209491295994251e+00
1.018141496281552483e+00
1.018042537354191923e+00
1.017912243985266363e+00
1.017750240143681761e+00
1.017556143367721821e+00
1.017329563811494308e+00
1.017070103256660030e+00
1.016777354080857121e+00
1.016450898174658724e+00
1.016090305799013604e+00
1.015695134375068642e+00
1.015264927197929934e+00
1.014799212065468970e+00
1.014297499812619296e+00
1.013759282740775536e+00
1.013184032930937173e+00
1.012571200428048268e+00
1.011920211282634652e+00
1.011230465434262538e+00
1.010501334419535713e+00
1.009732158885259468e+00
1.008922245885025104e+00
1.008070865934738602e+00
1.007177249799460439e+00
1.006240584980318431e+00
1.005260011866096370e+00
1.004234619509293047e+00
1.003163440980879617e+00
1.002045448251554838e+00
1.000879546539785281e+00
9.996645680582167959e-01
9.983992650798336754e-01
9.970823022333179519e-01
9.957122479230491319e-01
9.942875647526808747e-01
9.928065988117726892e-01
9.912675676618670773e-01
9.896685468310416622e-01
9.880074545933187347e-01
9.862820347703490365e-01
9.844898372460653135e-01
9.826281958288300977e-01
9.806942030278642530e-01
9.786846812287756103e-01
9.765961496535403574e-01
9.744247863691826161e-01
9.721663844615301420e-01
9.698163013093870077e-01
9.673693996721913768e-01
9.648199790307927515e-01
9.621616952839865400e-01
9.593874664876729241e-01
9.564893618105360096e-01
9.534584702480368712e-01
9.502847448601198233e-01
9.469568173502662667e-01
9.434617766585173815e-01
9.397849038815234701e-01
9.359093542641618857e-01
9.318157752861895293e-01
9.274818481530368031e-01
9.228817386489885921e-01
9.179854430471164894e-01
9.127580169775665331e-01
9.071586823728022830e-01
9.011398243148071030e-01
8.946459233612602535e-01
8.876125316825828060e-01
8.799655100877541436e-01
8.716209169642655796e-01
8.624861879311399582e-01
8.524635300802132498e-01
8.414566284223676806e-01
8.293814869232380982e-01
8.161810155745412576e-01
8.018406053487631135e-01
7.863992898098474127e-01
7.699505259004719715e-01
7.526301718144876585e-01
7.345954586937524233e-01
7.160028869556704922e-01
6.969919369122933306e-01
6.776770885155920521e-01
6.581467662737460200e-01
6.384663364073097647e-01
6.186826389179275187e-01
5.988285170765491605e-01
5.789266575784318691e-01
5.589925718185366765e-01
5.390367918190138719e-01
5.190664351485265726e-01
4.990862966652011568e-01
4.790995996217367603e-01
4.591085076891641137e-01
4.391144718789717349e-01
4.191184646486268428e-01
3.991211374506339893e-01
3.791229265688563221e-01
3.591241241300101028e-01
3.391249257107189496e-01
3.191254622366468952e-01
2.991258213487861251e-01
2.791260617112905629e-01
2.591262225910922479e-01
2.391263302711042205e-01
2.191264023433152353e-01
1.991264505825094955e-01
1.791264828698203859e-01
1.591265044802529782e-01
1.391265189444681749e-01
1.217330309076690292e-01
1.078998109195911104e-01
9.563853807700133103e-02
8.477058339057461089e-02
7.513761636555651990e-02
6.659929842247216958e-02
5.903123840507307207e-02
5.232318040285085375e-02
4.637739749421297686e-02
4.110726801336515163e-02
3.643601360141055651e-02
3.229558065821975382e-02
2.862564890023844982e-02
2.537275258084134913e-02
2.248950157098305452e-02
1.993389095260459862e-02
1.766868906668540504e-02
1.566089510075774349e-02
1.388125831376107663e-02
1.230385189406325505e-02
1.090569524238975581e-02
9.666419176875834171e-03
8.567969182764945471e-03
7.594342383529477727e-03
6.731354401460254086e-03
5.966432711216679112e-03
5.288433475793168255e-03
4.687479196461936601e-03
4.154814811482026270e-03
3.682680147136275194e-03
3.264196862888118188e-03
2.893268243608648066e-03
2.564490378987956901e-03
2.273073436139887681e-03
2.014771878452821172e-03
1.785822614073356894e-03
1.582890172933196400e-03
1.403018113625580316e-03
1.243585952197713215e-03
1.102270985372159765e-03
9.770144520151451562e-04
8.659915398718348286e-04
7.675848006088142449e-04
6.803605858582347258e-04
6.030481609698328579e-04
5.345211921874836337e-04
4.737813375444136399e-04
4.199437024194145043e-04
3.722239478619107905e-04
3.299268638722411282e-04
2.924362411658702906e-04
2.592058938673275233e-04
2.297517023471055400e-04
2.036445602768061818e-04
1.805041231510074091e-04
1.599932672005766174e-04
1.418131779715635311e-04
1.256989970171452366e-04
1.114159632810280125e-04
9.875599295766659632e-05
8.753464800265693744e-05
7.758844912874568564e-05
6.877249414157287288e-05
6.095834691763631601e-05
5.403216626984405087e-05
4.789304744084691573e-05
4.245155206203338010e-05
3.762840516174722366e-05
3.335334023996419753e-05
2.956407558378297654e-05
2.620540691008114802e-05
2.322840311641091019e-05
2.058969342335158131e-05
1.825083552298087657e-05
1.617775552827460127e-05
1.434025156428032196e-05
1.271155376908462186e-05
1.126793429440469226e-05
9.988361624058297541e-06
8.854194174216646580e-06
7.848908711624951370e-06
6.957859633224444581e-06
6.168065600218568397e-06
5.468020418136910327e-06
4.847525407688460874e-06
4.297540824279308908e-06
3.810054161586687425e-06
3.377963420556375252e-06
2.994973643215768002e-06
2.655505203946625972e-06
2.354612522148156838e-06
2.087912012048458655e-06
1.851518219993790190e-06
1.641987218825956565e-06
1.456266434682389579e-06
1.291650175265910590e-06
1.145740211693700249e-06
1.016410839657588900e-06
9.017779108858989559e-07
8.001713837391041532e-07
7.101109930387481040e-07
6.302846846750735600e-07
5.595295008132517589e-07
4.968146372239911914e-07
4.412264259080336028e-07
3.919550242310800370e-07
3.482826166485740336e-07
3.095729571371479931e-07
2.752620999797828444e-07
2.448501838648272575e-07
2.178941496057224092e-07
1.940012853879028074e-07
1.728235055065445661e-07
1.540522792443445091e-07
1.374141360101045795e-07
1.226666812545775821e-07
1.095950651203190256e-07
9.800885237959504275e-08
8.773924805909307027e-08
7.863663833301698711e-08
7.056841085855302415e-08
6.341702279941252178e-08
5.707828839061517530e-08
5.145986109756865077e-08
4.647988825587444637e-08
4.206581859234344356e-08
3.815334525427243348e-08
3.468546894797994454e-08
3.161166753953406869e-08
2.888716001665357490e-08
2.647225409252971899e-08
2.433176794450959240e-08
2.243451766376660942e-08
2.075286294946318867e-08
1.926230442814600002e-08
1.794112673168002551e-08
1.677008213513555397e-08
1.573211014371398592e-08
1.481208894551439801e-08
