7.636008557889014993e-09
7.635994628344790875e-09
7.635982281708109100e-09
7.635971338102914020e-09
7.635961638093605146e-09
7.635953040362269312e-09
7.635945419649821515e-09
7.635938664931191548e-09
7.635932677797775614e-09
7.635927371023785093e-09
4.000007635922667691e-03
2.343077033938421594e-01
8.792347778615157150e-01
9.819393758803627303e-01
9.964157493329013349e-01
9.994497857060937740e-01
1.000470045835653465e+00
1.001021583360778289e+00
1.001452942076901387e+00
1.001865017441985639e+00
1.002292497238466584e+00
1.002748064909638748e+00
1.003235516234538771e+00
1.003754406244625974e+00
1.004302022509586667e+00
1.004874395656204955e+00
1.005466907606726856e+00
1.006074696480734332e+00
1.006692935430105518e+00
1.007317020695663645e+00
1.007942689791214264e+00
1.008566085648432198e+00
1.009183780214547799e+00
1.009792769159281400e+00
1.010390447441532835e+00
1.010974573510764696e+00
1.011543228019999852e+00
1.012094771239977931e+00
1.012627801962138641e+00
1.013141119580639904e+00
1.013633690230677287e+00
1.014104617290818355e+00
1.014553116182500991e+00
1.014978493173097851e+00
1.015380127768651164e+00
1.015757458235189148e+00
1.016109969787486911e+00
1.016437185012391664e+00
1.016738656137097241e+00
1.017013958802077678e+00
1.017262687048146264e+00
1.017484449273955649e+00
1.017678864962370922e+00
1.017845562010948335e+00
1.017984174533018038e+00
1.018094341022061089e+00
1.018175702793615356e+00
1.018227902636480220e+00
1.018250583619082050e+00
1.018243388008097217e+00
1.018205956265300527e+00
1.018137926095550982e+00
1.018038931524172686e+00
1.017908601986142969e+00
1.017746561412584905e+00
1.017552427302401696e+00
1.017325809768524936e+00
1.017066310549457731e+00
1.016773521977515138e+00
1.016447025895574008e+00
1.016086392514314207e+00
1.015691179201819505e+00
1.015260929197101758e+00
1.014795170238653510e+00
1.014293413098464436e+00
1.013755150011122597e+00
1.013179852986621166e+00
1.012566971994335985e+00
1.011915933004262858e+00
1.011226135870032961e+00
1.010496952036422202e+00
1.009727722051969812e+00
1.008917752864969986e+00
1.008066314878328429e+00
1.007172638735660986e+00
1.006235911807379146e+00
1.005255274341359417e+00
1.004229815237958290e+00
1.003158567403617640e+00
1.002040502630811902e+00
1.000874525944623894e+00
9.996594693474986082e-01
9.983940848835304305e-01
9.970770369316976911e-01
9.957068936234512169e-01
9.942821172635467608e-01
9.928010536135346564e-01
9.912619198742532722e-01
9.896627911762556629e-01
9.880015853544769078e-01
9.862760457444427198e-01
9.844837216905836241e-01
9.826219464010255145e-01
9.806878117154422814e-01
9.786781392705711236e-01
9.765894474484488885e-01
9.744179133712794760e-01
9.721593290588920189e-01
9.698090506836087865e-01
9.673619396349668609e-01
9.648122938331409326e-01
9.621537673927560430e-01
9.593792763227610987e-01
9.564808874348090795e-01
9.534496870001307745e-01
9.502756249181049109e-01
9.469473292114783947e-01
9.434518845176397273e-01
9.397745668852433010e-01
9.358985256164451538e-01
9.318044011737119936e-01
9.274698664561432659e-01
9.228690774010493980e-01
9.179720186068328625e-01
9.127437318894005003e-01
9.071434229188872767e-01
9.011234578222646618e-01
8.946282954462987380e-01
8.875934638243021535e-01
8.799447982791671619e-01
8.715983327303025163e-01
8.624614837188568917e-01
8.524364517133646846e-01
8.414269373732983226e-01
8.293489934619286963e-01
8.161456192095321027e-01
8.018023318316520598e-01
7.863583086607690564e-01
7.699071358655733555e-01
7.525847557581742953e-01
7.345484248627670576e-01
7.159546177756002105e-01
6.969427578752852570e-01
6.776272577051737356e-01
6.580964780522881030e-01
6.384157318713072904e-01
6.186318178925386269e-01
5.987775489409432605e-01
5.788755899668783789e-01
5.589414371654063407e-01
5.389856120852769550e-01
5.190152251474727807e-01
4.990350663633526529e-01
4.790483557131784975e-01
4.590572546648547525e-01
4.390632127495005532e-01
4.190672014311488391e-01
3.990698714962143123e-01
3.790716587822110517e-01
3.590728551168715921e-01
3.390736558765993780e-01
3.190741918530002330e-01
2.990745505973182450e-01
2.790747907136281181e-01
2.590749514286447286e-01
2.390750589983622054e-01
2.190751309967509386e-01
1.990751791865344456e-01
1.790752114407738182e-01
1.590752330290709227e-01
1.390752474784706649e-01
1.216849927415384475e-01
1.078572316012499227e-01
9.560079728797869769e-02
8.473713130210254463e-02
7.510796562867395887e-02
6.657301706823365306e-02
5.900794355148836212e-02
5.230253267690688351e-02
4.635909608773347568e-02
4.109104630068890346e-02
3.642163525505055094e-02
3.228283620591731323e-02
2.861435267325611320e-02
2.536274000903641218e-02
2.248062678525630451e-02
1.992602465979538898e-02
1.766171666595423712e-02
1.565471501401440729e-02
1.387578050581562278e-02
1.229899656094051059e-02
1.090139164869801357e-02
9.662604625291859942e-03
8.564588100622315750e-03
7.591345513203019355e-03
6.728698082751706500e-03
5.964078245286999307e-03
5.286346561374806810e-03
4.685629430137575047e-03
4.153175244749450143e-03
3.681226893806536712e-03
3.262908751097289093e-03
2.892126507373467530e-03
2.563478384811788448e-03
2.272176440685997559e-03
2.013976813754649389e-03
1.785117897152564822e-03
1.582265537051916193e-03
1.402464458714440532e-03
1.243095212280588341e-03
1.101836011056203614e-03
9.766289063341613685e-04
8.656498059655622123e-04
7.672818998931466277e-04
6.800921054942285666e-04
6.028101895748285560e-04
5.343102628517438146e-04
4.735943773231061698e-04
4.197779875641143910e-04
3.720770641394016438e-04
3.297966713925218037e-04
2.923208432069563994e-04
2.591036092426693914e-04
2.296610409130577814e-04
2.035642012233218774e-04
1.804328957592869862e-04
1.599301337873359954e-04
1.417572187714422375e-04
1.256493967830148400e-04
1.113719994069831435e-04
9.871702495167017572e-05
8.750010815546829085e-05
7.755783424319258258e-05
6.874535820167400389e-05
6.093429459077354479e-05
5.401084714731982915e-05
4.787415093292096295e-05
4.243480287306511015e-05
3.761355927952427734e-05
3.334018138078642386e-05
2.955241204151166646e-05
2.619506876324971507e-05
2.321923975270701561e-05
2.058157134540675469e-05
1.824363640350116752e-05
1.617137448617726861e-05
1.433459563672370897e-05
1.270654055712991269e-05
1.126349076257900121e-05
9.984423036329763255e-06
8.850703150880970607e-06
7.845814393364166069e-06
6.955116940157811293e-06
6.165634575151231433e-06
5.465865644440233451e-06
4.845615493329223083e-06
4.295847944481630428e-06
3.808553653464091638e-06
3.376633423808293264e-06
2.993794781653307673e-06
2.654460303208769324e-06
2.353686359495314138e-06
2.087091094588546849e-06
1.850790588109731722e-06
1.641342271940806467e-06
1.455694776823873790e-06
1.291143478180118985e-06
1.145291093514272297e-06
1.016012757361923942e-06
9.014250649726403438e-07
7.998586337377790722e-07
7.098337826202850913e-07
6.300389752720233967e-07
5.593117127837763283e-07
4.966215977018517439e-07
4.410553225780005440e-07
3.918033643572847190e-07
3.481481907591757810e-07
3.094538068353324019e-07
2.751564894124959457e-07
2.447565744342302649e-07
2.178111775535658600e-07
1.939277419275682853e-07
1.727583192129055793e-07
1.539945004444765517e-07
1.373629229478223163e-07
1.226212878273626507e-07
1.095548300094960824e-07
9.797318941600839732e-08
8.770763768328623233e-08
7.860862002614020170e-08
7.054357643319579382e-08
6.339501045281358578e-08
5.705877743378656281e-08
5.144256728308566741e-08
4.646455963710086173e-08
4.205223185279299874e-08
3.814130245410847227e-08
3.467479464053000558e-08
3.160220621502683787e-08
2.887877383690014074e-08
2.646482088269589102e-08
2.432517941312423823e-08
2.242867782516342159e-08
2.074768672533671020e-08
1.925771640812843096e-08
1.793706007481492259e-08
1.676647759591932225e-08
1.572891520902458435e-08
1.480925706964944269e-08
1.399410503414874025e-08
1.327158346759915102e-08
1.263116623217040311e-08
1.206352333607659231e-08
1.156038500852348171e-08
1.111442122073349519e-08
1.071913489758760042e-08
1.036876726422433959e-08
1.005821394880655639e-08
9.782950618911894655e-09
9.538967068214123850e-09
9.322708793279779550e-09
9.131025209774585442e-09
8.961123752349769199e-09
8.810529191211521072e-09
8.677047571182664445e-09
8.558734248987791890e-09
8.453865562599865018e-09
8.360913719574206977e-09
8.278524539520638110e-09
8.205497725328238444e-09
8.140769376621939478e-09
8.083396490277558284e-09
8.032543222168916709e-09
7.987468710056735664e-09
7.947516279986605719e-09
7.912103879607291374e-09
7.880715599174910396e-09
7.852894153912533939e-09
7.828234223635063964e-09
7.806376547245249318e-09
7.787002687197895775e-09
7.769830393534025066e-09
7.754609489513341901e-09
7.741118227224132842e-09
7.729160056648459034e-09
7.718560763604751309e-09
7.709165931351513062e-09
7.700838689888018573e-09
7.693457722556426292e-09
7.686915498624368011e-09
7.681116706709538460e-09
7.675976866223301890e-09
7.671421096604147208e-09
7.667383026142162903e-09
7.663803824977397211e-09
7.660631349956747409e-09
7.657819382366347486e-09
7.655326955598016483e-09
7.653117758321648144e-09
7.651159605478570796e-09
7.649423969389020766e-09
7.647885564142665074e-09
7.646521977217199716e-09
7.645313342958383263e-09
7.644242053164332174e-09
7.643292500557915074e-09
7.642450851409843816e-09
7.641704843999935498e-09
7.641043609980436419e-09
7.640457516038864501e-09
7.639938023553608294e-09
7.639477564197725361e-09
7.639069429678628661e-09
7.638707674007223272e-09
7.638387026872859339e-09
7.638102816861970891e-09
7.637850903401835611e-09
7.637627616437948904e-09
7.637429702966238729e-09
7.637254279641150343e-09
7.637098790769111924e-09
7.636960971075510615e-09
7.636838812702613032e-09
7.636730535957767160e-09
7.636634563385622919e-09
7.636549496786687360e-09
7.636474096847421395e-09
7.636407265085047625e-09
7.636348027844120115e-09
7.636295522111635855e-09
7.636248982944051582e-09
7.636207732323089663e-09
7.636171169277831774e-09
7.636138761129442249e-09
7.636110035730648905e-09
7.636084574587226712e-09
7.636062006761034782e-09
7.636042003465942856e-09
7.636024273277856681e-09
7.636008557889014993e-09
7.635994628344790875e-09
7.635982281708109100e-09
7.635971338102914020e-09
7.635961638093605146e-09
7.635953040362269312e-09
7.635945419649821515e-09
7.635938664931191548e-09
7.635932677797775614e-09
7.635927371023785093e-09
4.000007635922667691e-03
2.343077033938421594e-01
8.792347778615157150e-01
9.819393758803627303e-01
9.964157493329013349e-01
9.994497857060937740e-01
1.000470045835653465e+00
1.001021583360778289e+00
1.001452942076901387e+00
1.001865017441985639e+00
1.002292497238466584e+00
1.002748064909638748e+00
1.003235516234538771e+00
1.003754406244625974e+00
1.004302022509586667e+00
1.004874395656204955e+00
1.005466907606726856e+00
1.006074696480734332e+00
1.006692935430105518e+00
1.007317020695663645e+00
1.007942689791214264e+00
1.008566085648432198e+00
1.009183780214547799e+00
1.009792769159281400e+00
1.010390447441532835e+00
1.010974573510764696e+00
1.011543228019999852e+00
1.012094771239977931e+00
1.012627801962138641e+00
1.013141119580639904e+00
1.013633690230677287e+00
1.014104617290818355e+00
1.014553116182500991e+00
1.014978493173097851e+00
1.015380127768651164e+00
1.015757458235189148e+00
1.016109969787486911e+00
1.016437185012391664e+00
1.016738656137097241e+00
1.017013958802077678e+00
1.017262687048146264e+00
1.017484449273955649e+00
1.017678864962370922e+00
1.017845562010948335e+00
1.017984174533018038e+00
1.018094341022061089e+00
1.018175702793615356e+00
1.018227902636480220e+00
1.018250583619082050e+00
1.018243388008097217e+00
1.018205956265300527e+00
1.018137926095550982e+00
1.018038931524172686e+00
1.017908601986142969e+00
1.017746561412584905e+00
1.017552427302401696e+00
1.017325809768524936e+00
1.017066310549457731e+00
1.016773521977515138e+00
1.016447025895574008e+00
1.016086392514314207e+00
1.015691179201819505e+00
1.015260929197101758e+00
1.014795170238653510e+00
1.014293413098464436e+00
1.013755150011122597e+00
1.013179852986621166e+00
1.012566971994335985e+00
1.011915933004262858e+00
1.011226135870032961e+00
1.010496952036422202e+00
1.009727722051969812e+00
1.008917752864969986e+00
1.008066314878328429e+00
1.007172638735660986e+00
1.006235911807379146e+00
1.005255274341359417e+00
1.004229815237958290e+00
1.003158567403617640e+00
1.002040502630811902e+00
1.000874525944623894e+00
9.996594693474986082e-01
9.983940848835304305e-01
9.970770369316976911e-01
9.957068936234512169e-01
9.942821172635467608e-01
9.928010536135346564e-01
9.912619198742532722e-01
9.896627911762556629e-01
9.880015853544769078e-01
9.862760457444427198e-01
9.844837216905836241e-01
9.826219464010255145e-01
9.806878117154422814e-01
9.786781392705711236e-01
9.765894474484488885e-01
9.744179133712794760e-01
9.721593290588920189e-01
9.698090506836087865e-01
9.673619396349668609e-01
9.648122938331409326e-01
9.621537673927560430e-01
9.593792763227610987e-01
9.564808874348090795e-01
9.534496870001307745e-01
9.502756249181049109e-01
9.469473292114783947e-01
9.434518845176397273e-01
9.397745668852433010e-01
9.358985256164451538e-01
9.318044011737119936e-01
9.274698664561432659e-01
9.228690774010493980e-01
9.179720186068328625e-01
9.127437318894005003e-01
9.071434229188872767e-01
9.011234578222646618e-01
8.946282954462987380e-01
8.875934638243021535e-01
8.799447982791671619e-01
8.715983327303025163e-01
8.624614837188568917e-01
8.524364517133646846e-01
8.414269373732983226e-01
8.293489934619286963e-01
8.161456192095321027e-01
8.018023318316520598e-01
7.863583086607690564e-01
7.699071358655733555e-01
7.525847557581742953e-01
7.345484248627670576e-01
7.159546177756002105e-01
6.969427578752852570e-01
6.776272577051737356e-01
6.580964780522881030e-01
6.384157318713072904e-01
6.186318178925386269e-01
5.987775489409432605e-01
5.788755899668783789e-01
5.589414371654063407e-01
5.389856120852769550e-01
5.190152251474727807e-01
4.990350663633526529e-01
4.790483557131784975e-01
4.590572546648547525e-01
4.390632127495005532e-01
4.190672014311488391e-01
3.990698714962143123e-01
3.790716587822110517e-01
3.590728551168715921e-01
3.390736558765993780e-01
3.190741918530002330e-01
2.990745505973182450e-01
2.790747907136281181e-01
2.590749514286447286e-01
2.390750589983622054e-01
2.190751309967509386e-01
1.990751791865344456e-01
1.790752114407738182e-01
1.590752330290709227e-01
1.390752474784706649e-01
1.216849927415384475e-01
1.078572316012499227e-01
9.560079728797869769e-02
8.473713130210254463e-02
7.510796562867395887e-02
6.657301706823365306e-02
5.900794355148836212e-02
5.230253267690688351e-02
4.635909608773347568e-02
4.109104630068890346e-02
3.642163525505055094e-02
3.228283620591731323e-02
2.861435267325611320e-02
2.536274000903641218e-02
2.248062678525630451e-02
1.992602465979538898e-02
1.766171666595423712e-02
1.565471501401440729e-02
1.387578050581562278e-02
1.229899656094051059e-02
1.090139164869801357e-02
9.662604625291859942e-03
8.564588100622315750e-03
7.591345513203019355e-03
6.728698082751706500e-03
5.964078245286999307e-03
5.286346561374806810e-03
4.685629430137575047e-03
4.153175244749450143e-03
3.681226893806536712e-03
3.262908751097289093e-03
2.892126507373467530e-03
2.563478384811788448e-03
2.272176440685997559e-03
2.013976813754649389e-03
1.785117897152564822e-03
1.582265537051916193e-03
1.402464458714440532e-03
1.243095212280588341e-03
1.101836011056203614e-03
9.766289063341613685e-04
8.656498059655622123e-04
7.672818998931466277e-04
6.800921054942285666e-04
6.028101895748285560e-04
5.343102628517438146e-04
4.735943773231061698e-04
4.197779875641143910e-04
3.720770641394016438e-04
3.297966713925218037e-04
2.923208432069563994e-04
2.591036092426693914e-04
2.296610409130577814e-04
2.035642012233218774e-04
1.804328957592869862e-04
1.599301337873359954e-04
1.417572187714422375e-04
1.256493967830148400e-04
1.113719994069831435e-04
9.871702495167017572e-05
8.750010815546829085e-05
7.755783424319258258e-05
6.874535820167400389e-05
6.093429459077354479e-05
5.401084714731982915e-05
4.787415093292096295e-05
4.243480287306511015e-05
3.761355927952427734e-05
3.334018138078642386e-05
2.955241204151166646e-05
2.619506876324971507e-05
2.321923975270701561e-05
2.058157134540675469e-05
1.824363640350116752e-05
1.617137448617726861e-05
1.433459563672370897e-05
1.270654055712991269e-05
1.126349076257900121e-05
9.984423036329763255e-06
8.850703150880970607e-06
7.845814393364166069e-06
6.955116940157811293e-06
6.165634575151231433e-06
5.465865644440233451e-06
4.845615493329223083e-06
4.295847944481630428e-06
3.808553653464091638e-06
3.376633423808293264e-06
2.993794781653307673e-06
2.654460303208769324e-06
2.353686359495314138e-06
2.087091094588546849e-06
1.850790588109731722e-06
1.641342271940806467e-06
1.455694776823873790e-06
1.291143478180118985e-06
1.145291093514272297e-06
1.016012757361923942e-06
9.014250649726403438e-07
7.998586337377790722e-07
7.098337826202850913e-07
6.300389752720233967e-07
5.593117127837763283e-07
4.966215977018517439e-07
4.410553225780005440e-07
3.918033643572847190e-07
3.481481907591757810e-07
3.094538068353324019e-07
2.751564894124959457e-07
2.447565744342302649e-07
2.178111775535658600e-07
1.939277419275682853e-07
1.727583192129055793e-07
1.539945004444765517e-07
1.373629229478223163e-07
1.226212878273626507e-07
1.095548300094960824e-07
9.797318941600839732e-08
8.770763768328623233e-08
7.860862002614020170e-08
7.054357643319579382e-08
6.339501045281358578e-08
5.705877743378656281e-08
5.144256728308566741e-08
4.646455963710086173e-08
4.205223185279299874e-08
3.814130245410847227e-08
3.467479464053000558e-08
3.160220621502683787e-08
2.887877383690014074e-08
2.646482088269589102e-08
2.432517941312423823e-08
2.242867782516342159e-08
2.074768672533671020e-08
1.925771640812843096e-08
1.793706007481492259e-08
1.676647759591932225e-08
1.572891520902458435e-08
1.480925706964944269e-08
1.399410503414874025e-08
1.327158346759915102e-08
1.263116623217040311e-08
1.206352333607659231e-08
1.156038500852348171e-08
1.111442122073349519e-08
1.071913489758760042e-08
1.036876726422433959e-08
1.005821394880655639e-08
9.782950618911894655e-09
9.538967068214123850e-09
9.322708793279779550e-09
9.131025209774585442e-09
8.961123752349769199e-09
8.810529191211521072e-09
8.677047571182664445e-09
8.558734248987791890e-09
8.453865562599865018e-09
8.360913719574206977e-09
8.278524539520638110e-09
8.205497725328238444e-09
8.140769376621939478e-09
8.083396490277558284e-09
8.032543222168916709e-09
7.987468710056735664e-09
7.947516279986605719e-09
7.912103879607291374e-09
7.880715599174910396e-09
7.852894153912533939e-09
7.828234223635063964e-09
7.806376547245249318e-09
7.787002687197895775e-09
7.769830393534025066e-09
7.754609489513341901e-09
7.741118227224132842e-09
7.729160056648459034e-09
7.718560763604751309e-09
7.709165931351513062e-09
7.700838689888018573e-09
7.693457722556426292e-09
7.686915498624368011e-09
7.681116706709538460e-09
7.675976866223301890e-09
7.671421096604147208e-09
7.667383026142162903e-09
7.663803824977397211e-09
7.660631349956747409e-09
7.657819382366347486e-09
7.655326955598016483e-09
7.653117758321648144e-09
7.651159605478570796e-09
7.649423969389020766e-09
7.647885564142665074e-09
7.646521977217199716e-09
7.645313342958383263e-09
7.644242053164332174e-09
7.643292500557915074e-09
7.642450851409843816e-09
7.641704843999935498e-09
7.641043609980436419e-09
7.640457516038864501e-09
7.639938023553608294e-09
7.639477564197725361e-09
7.639069429678628661e-09
7.638707674007223272e-09
7.638387026872859339e-09
7.638102816861970891e-09
7.637850903401835611e-09
7.637627616437948904e-09
7.637429702966238729e-09
7.637254279641150343e-09
7.637098790769111924e-09
7.636960971075510615e-09
7.636838812702613032e-09
7.636730535957767160e-09
7.636634563385622919e-09
7.636549496786687360e-09
7.636474096847421395e-09
7.636407265085047625e-09
7.636348027844120115e-09
7.636295522111635855e-09
7.636248982944051582e-09
7.636207732323089663e-09
7.636171169277831774e-09
7.636138761129442249e-09
7.636110035730648905e-09
7.636084574587226712e-09
7.636062006761034782e-09
7.636042003465942856e-09
7.636024273277856681e-09
7.636008557889014993e-09
7.635994628344790875e-09
7.635982281708109100e-09
7.635971338102914020e-09
7.635961638093605146e-09
7.635953040362269312e-09
7.635945419649821515e-09
7.635938664931191548e-09
7.635932677797775614e-09
7.635927371023785093e-09
