7.635885979287034900e-09
7.635885979206695810e-09
7.635885979135482177e-09
7.635885979072366642e-09
7.635885979016422762e-09
7.635885978966834939e-09
7.635885978922881870e-09
7.635885978883924972e-09
7.635885978849386873e-09
7.635885978818781190e-09
4.000007635885979157e-03
2.343080865202769869e-01
8.792376313069499849e-01
9.819401457002014943e-01
9.964159719316845187e-01
9.994498685227068968e-01
1.000470082928601512e+00
1.001021601616508327e+00
1.001452950890424409e+00
1.001865020679222118e+00
1.002292496720157855e+00
1.002748061601873131e+00
1.003235510710895007e+00
1.003754398883929477e+00
1.004302013586677589e+00
1.004874385385593039e+00
1.005466896164227686e+00
1.006074684014486520e+00
1.006692922066423801e+00
1.007317006542440829e+00
1.007942674940215610e+00
1.008566070177116858e+00
1.009183764187701060e+00
1.009792752630556123e+00
1.010390430454917388e+00
1.010974556101964072e+00
1.011543210217705324e+00
1.012094753067008357e+00
1.012627783436444995e+00
1.013141100716177023e+00
1.013633671038143502e+00
1.014104597778268113e+00
1.014553096355861994e+00
1.014978473036584727e+00
1.015380107325103420e+00
1.015757437486340065e+00
1.016109948734180035e+00
1.016437163654744902e+00
1.016738634474637415e+00
1.017013936833836452e+00
1.017262664772742298e+00
1.017484426689648780e+00
1.017678842067105016e+00
1.017845538802386374e+00
1.017984151008558102e+00
1.018094317178853236e+00
1.018175678628568948e+00
1.018227878146268361e+00
1.018250558800140926e+00
1.018243362856620537e+00
1.018205930777238644e+00
1.018137900266599116e+00
1.018038905349761825e+00
1.017908575461429432e+00
1.017746534532439684e+00
1.017552400061390028e+00
1.017325782160896752e+00
1.017066282569128566e+00
1.016773493618044588e+00
1.016446997150149745e+00
1.016086363375730217e+00
1.015691149662447446e+00
1.015260899248868753e+00
1.014795139873016172e+00
1.014293382306375779e+00
1.013755118783000730e+00
1.013179821312315321e+00
1.012566939863085658e+00
1.011915900404658286e+00
1.011226102789971604e+00
1.010496918463055227e+00
1.009727687971652577e+00
1.008917718263200980e+00
1.008066279739686655e+00
1.007172603043735348e+00
1.006235875544690295e+00
1.005255237489276032e+00
1.004229777776604937e+00
1.003158529311769298e+00
1.002040463885782717e+00
1.000874486522140394e+00
9.996594292215602584e-01
9.983940440262522031e-01
9.970769953131403129e-01
9.957068512114281011e-01
9.942820740234076249e-01
9.928010095079257136e-01
9.912618748628443388e-01
9.896627452154359572e-01
9.880015383970091047e-01
9.862759977390741506e-01
9.844836725816038525e-01
9.826218961277614072e-01
9.806877602116854664e-01
9.786780864639179622e-01
9.765893932595459681e-01
9.744178577129551933e-01
9.721592718351508289e-01
9.698089917884675781e-01
9.673618789510979310e-01
9.648122312302915837e-01
9.621537027258951769e-01
9.593792094298997375e-01
9.564808181344295335e-01
9.534496150881419663e-01
9.502755501642241587e-01
9.469472513549167525e-01
9.434518032619452210e-01
9.397744818921203169e-01
9.358984364983334858e-01
9.318043074848760821e-01
9.274697676819817493e-01
9.228689729453191104e-01
9.179719077764904034e-01
9.127436138768608709e-01
9.071432967817213422e-01
9.011233224608763415e-01
8.946281495810773920e-01
8.875933059755208854e-01
8.799446267558318491e-01
8.715981456386537873e-01
8.624612790071680690e-01
8.524362272753734926e-01
8.414266912330948811e-01
8.293487240490490242e-01
8.161453256944405377e-01
8.018020144325208598e-01
7.863579687884504343e-01
7.699067760024437268e-01
7.525843790835363700e-01
7.345480347654692599e-01
7.159542174294032391e-01
6.969423499810241118e-01
6.776268444041063654e-01
6.580960609568673458e-01
6.384153121520234064e-01
6.186313963774782154e-01
5.987771262056181820e-01
5.788751664064153424e-01
5.589410130488462469e-01
5.389851875947828663e-01
5.190148004059185194e-01
4.990346414534083119e-01
4.790479306903702161e-01
4.590568295664333998e-01
4.390627876004385977e-01
4.190667762481781189e-01
3.990694462905413631e-01
3.790712335613403705e-01
3.590724298858274932e-01
3.390732306387452821e-01
3.190737666105882275e-01
2.990741253518554577e-01
2.790743654661234086e-01
2.590745261797732235e-01
2.390746337485760153e-01
2.190747057463523495e-01
1.990747539357259899e-01
1.790747861896909987e-01
1.590748077778045833e-01
1.390748222270813128e-01
1.216845943075071240e-01
1.078568784435250394e-01
9.560048426156809998e-02
8.473685384666369835e-02
7.510771970207898163e-02
6.657279908768279353e-02
5.900775034131467561e-02
5.230236142231190627e-02
4.635894429377985376e-02
4.109091175595298850e-02
3.642151599940521983e-02
3.228273050197576211e-02
2.861425898106060434e-02
2.536265696362341449e-02
2.248055317677083789e-02
1.992595941586527628e-02
1.766165883606701445e-02
1.565466375566978985e-02
1.387573507225148446e-02
1.229895629025359351e-02
1.090135595420088643e-02
9.662572986965782887e-03
8.564560057541248383e-03
7.591320656818592062e-03
6.728676050941254962e-03
5.964058717077937340e-03
5.286329252268510102e-03
4.685614087964625439e-03
4.153161645995898966e-03
3.681214840357605912e-03
3.262898067351124431e-03
2.892117037682863379e-03
2.563469991216626217e-03
2.272169000903359517e-03
2.013970219397330941e-03
1.785112052150018619e-03
1.582260356250647952e-03
1.402459866637437158e-03
1.243091142027723120e-03
1.101832403329597006e-03
9.766257085742928359e-04
8.656469715855520013e-04
7.672793876000498720e-04
6.800898786874559534e-04
6.028082158129256145e-04
5.343085133797657220e-04
4.735928266536981322e-04
4.197766131061959807e-04
3.720758458690473090e-04
3.297955915612397408e-04
2.923198860831177181e-04
2.591027608823213827e-04
2.296602889567789349e-04
2.035635347161628432e-04
1.804323049911724910e-04
1.599296101516026972e-04
1.417567546394514488e-04
1.256489853930134297e-04
1.113716347655953803e-04
9.871670174658191317e-05
8.749982167803437981e-05
7.755758031983842407e-05
6.874513313309221730e-05
6.093409509803004651e-05
5.401067032408490804e-05
4.787399420312794649e-05
4.243466395338053680e-05
3.761343614608299502e-05
3.334007223970669156e-05
2.955231530276098941e-05
2.619498301748000133e-05
2.321916375072275498e-05
2.058150397996540447e-05
1.824357669318266706e-05
1.617132156108585551e-05
1.433454872581512032e-05
1.270649897697802904e-05
1.126345390741905897e-05
9.984390369233635159e-06
8.850674195935097599e-06
7.845788728735355992e-06
6.955094191948421428e-06
6.165614411951781030e-06
5.465847772501221062e-06
4.845599652281471418e-06
4.295833903543432910e-06
3.808541208078602563e-06
3.376622392663539682e-06
2.993785004040924243e-06
2.654451636682802214e-06
2.353678677796604055e-06
2.087084285805508803e-06
1.850784553047964199e-06
1.641336922677895460e-06
1.455690035428470189e-06
1.291139275576817655e-06
1.145287368476904737e-06
1.016009455622006983e-06
9.014221384284874000e-07
7.998560397536833998e-07
7.098314834055263710e-07
6.300369373302854120e-07
5.593099064250982283e-07
4.966199966101363026e-07
4.410539034275560454e-07
3.918021064730732123e-07
3.481470758155603608e-07
3.094528185891470563e-07
2.751556134664290732e-07
2.447557980269257281e-07
2.178104893738801741e-07
1.939271319497123313e-07
1.727577785503541580e-07
1.539940212205314525e-07
1.373624981808378708e-07
1.226209113291024405e-07
1.095544962949062885e-07
9.797289362333357962e-08
8.770737550324035571e-08
7.860838763912622134e-08
7.054337045365950815e-08
6.339482787992101380e-08
5.705861560770556938e-08
5.144242384623631691e-08
4.646443249980858933e-08
4.205211916284510150e-08
3.814120256976979010e-08
3.467470610662526515e-08
3.160212774174071495e-08
2.887870428098647285e-08
2.646475923082217080e-08
2.432512476708485671e-08
2.242862938886890464e-08
2.074764379313791860e-08
1.925767835456318354e-08
1.793702634549594668e-08
1.676644769945754967e-08
1.572888870987031018e-08
1.480923358174701783e-08
1.399408421531223627e-08
1.327156501452720727e-08
1.263114987602753381e-08
1.206350883857665176e-08
1.156037215845813448e-08
1.111440983089525153e-08
1.071912480204241975e-08
1.036875831589422993e-08
1.005820601732684240e-08
9.782943588732007597e-09
9.538960836914156743e-09
9.322703270078402208e-09
9.131020314206450512e-09
8.961119413093297969e-09
8.810525345049809114e-09
8.677044162082503681e-09
8.558731227283359137e-09
8.453862884269149051e-09
8.360911345597668933e-09
8.278522435312758084e-09
8.205495860233649995e-09
8.140767723468819928e-09
8.083395024981768205e-09
8.032541923383147950e-09
7.987467558859489795e-09
7.947515259606547666e-09
7.912102975178910194e-09
7.880714797521941888e-09
7.852893443356028269e-09
7.828233593823196564e-09
7.806375989002532477e-09
7.787002192391516182e-09
7.769829954955346873e-09
7.754609100772892839e-09
7.741117882658508350e-09
7.729159751237815958e-09
7.718560492899673553e-09
7.709165691408225151e-09
7.700838477210876743e-09
7.693457534047017111e-09
7.686915331536370780e-09
7.681116558608711184e-09
7.675976734952020041e-09
7.671420980249974175e-09
7.667382923009982271e-09
7.663803733564718115e-09
7.660631268931822297e-09
7.657819310548748266e-09
7.655326891941458941e-09
7.653117701898756935e-09
7.651159555467335185e-09
7.649423925060848490e-09
7.647885524851754723e-09
7.646521942391145614e-09
7.645313312089812674e-09
7.644242025803533469e-09
7.643292476306283151e-09
7.642450829914055094e-09
7.641704824946834286e-09
7.641043593092455644e-09
7.640457501069965908e-09
7.639938010285709024e-09
7.639477552437536465e-09
7.639069419254817873e-09
7.638707664767928504e-09
7.638387018683480107e-09
7.638102809603202935e-09
7.637850896967917274e-09
7.637627610735149040e-09
7.637429697911480281e-09
7.637254275160796039e-09
7.637098786797890595e-09
7.636960967555556015e-09
7.636838809582653198e-09
7.636730533192343553e-09
7.636634560934441919e-09
7.636549494614049505e-09
7.636474094921663865e-09
7.636407263378127344e-09
7.636348026331172033e-09
7.636295520770613955e-09
7.636248981755417857e-09
7.636207731269517989e-09
7.636171168343986222e-09
7.636138760301712388e-09
7.636110034996976098e-09
7.636084573936922130e-09
7.636062006184617281e-09
7.636042002955029787e-09
7.636024272825001766e-09
7.636008557487618984e-09
7.635994627989012222e-09
7.635982281392761380e-09
7.635971337823406383e-09
7.635961637845872825e-09
7.635953040142685947e-09
7.635945419455197498e-09
7.635938664758683031e-09
7.635932677644874586e-09
7.635927370888256513e-09
7.635922667175320832e-09
7.635918497978182163e-09
7.635914802556222010e-09
7.635911527071175903e-09
7.635908623802779238e-09
7.635906050453512041e-09
7.635903769532427174e-09
7.635901747808900101e-09
7.635899955828523100e-09
7.635898367484000346e-09
7.635896959634765608e-09
7.635895711769878016e-09
7.635894605709194801e-09
7.635893625338496475e-09
7.635892756374741250e-09
7.635891986157964594e-09
7.635891303466826222e-09
7.635890698355167483e-09
7.635890162007059535e-09
7.635889686608406718e-09
7.635889265233063637e-09
7.635888891741963791e-09
7.635888560693656685e-09
7.635888267265060617e-09
7.635888007181155634e-09
7.635887776652741501e-09
7.635887572321191962e-09
7.635887391209550166e-09
7.635887230679166207e-09
7.635887088391226609e-09
7.635886962272699296e-09
7.635886850486124961e-09
7.635886751402839571e-09
7.635886663579270683e-09
7.635886585735885693e-09
7.635886516738558772e-09
7.635886455582032209e-09
7.635886401375293518e-09
7.635886353328570504e-09
7.635886310741861572e-09
7.635886272994695237e-09
7.635886239537098961e-09
7.635886209881618519e-09
7.635886183596187697e-09
7.635886160297841725e-09
7.635886139647132149e-09
7.635886121343173675e-09
7.635886105119283274e-09
7.635886090739089123e-09
7.635886077993068028e-09
7.635886066695522903e-09
7.635886056681841498e-09
7.635886047806129005e-09
7.635886039939064007e-09
7.635886032966038977e-09
7.635886026785429812e-09
7.635886021307191286e-09
7.635886016451518668e-09
7.635886012147653273e-09
7.635886008332891503e-09
7.635886004951653437e-09
7.635886001954667235e-09
7.635885999298266034e-09
7.635885996943749360e-09
7.635885994856805761e-09
7.635885993007033043e-09
7.635885991367476696e-09
7.635885989914249400e-09
7.635885988626172022e-09
7.635885987484470871e-09
7.635885986472521271e-09
7.635885985575571282e-09
7.635885984780558069e-09
7.635885984075899449e-09
7.635885983451316875e-09
7.635885982897717978e-09
7.635885982407036093e-09
7.635885981972116108e-09
7.635885981586626781e-09
7.635885981244948249e-09
7.635885980942100883e-09
7.635885980673672502e-09
7.635885980435750543e-09
7.635885980224869117e-09
7.635885980037957732e-09
7.635885979872289999e-09
7.635885979725445588e-09
7.635885979595292027e-09
7.635885979479926801e-09
7.635885979377670734e-09
7.635885979287034900e-09
7.635885979206695810e-09
7.635885979135482177e-09
7.635885979072366642e-09
7.635885979016422762e-09
7.635885978966834939e-09
7.635885978922881870e-09
7.635885978883924972e-09
7.635885978849386873e-09
7.635885978818781190e-09
4.000007635885979157e-03
2.343080865202769869e-01
8.792376313069499849e-01
9.819401457002014943e-01
9.964159719316845187e-01
9.994498685227068968e-01
1.000470082928601512e+00
1.001021601616508327e+00
1.001452950890424409e+00
1.001865020679222118e+00
1.002292496720157855e+00
1.002748061601873131e+00
1.003235510710895007e+00
1.003754398883929477e+00
1.004302013586677589e+00
1.004874385385593039e+00
1.005466896164227686e+00
1.006074684014486520e+00
1.006692922066423801e+00
1.007317006542440829e+00
1.007942674940215610e+00
1.008566070177116858e+00
1.009183764187701060e+00
1.009792752630556123e+00
1.010390430454917388e+00
1.010974556101964072e+00
1.011543210217705324e+00
1.012094753067008357e+00
1.012627783436444995e+00
1.013141100716177023e+00
1.013633671038143502e+00
1.014104597778268113e+00
1.014553096355861994e+00
1.014978473036584727e+00
1.015380107325103420e+00
1.015757437486340065e+00
1.016109948734180035e+00
1.016437163654744902e+00
1.016738634474637415e+00
1.017013936833836452e+00
1.017262664772742298e+00
1.017484426689648780e+00
1.017678842067105016e+00
1.017845538802386374e+00
1.017984151008558102e+00
1.018094317178853236e+00
1.018175678628568948e+00
1.018227878146268361e+00
1.018250558800140926e+00
1.018243362856620537e+00
1.018205930777238644e+00
1.018137900266599116e+00
1.018038905349761825e+00
1.017908575461429432e+00
1.017746534532439684e+00
1.017552400061390028e+00
1.017325782160896752e+00
1.017066282569128566e+00
1.016773493618044588e+00
1.016446997150149745e+00
1.016086363375730217e+00
1.015691149662447446e+00
1.015260899248868753e+00
1.014795139873016172e+00
1.014293382306375779e+00
1.013755118783000730e+00
1.013179821312315321e+00
1.012566939863085658e+00
1.011915900404658286e+00
1.011226102789971604e+00
1.010496918463055227e+00
1.009727687971652577e+00
1.008917718263200980e+00
1.008066279739686655e+00
1.007172603043735348e+00
1.006235875544690295e+00
1.005255237489276032e+00
1.004229777776604937e+00
1.003158529311769298e+00
1.002040463885782717e+00
1.000874486522140394e+00
9.996594292215602584e-01
9.983940440262522031e-01
9.970769953131403129e-01
9.957068512114281011e-01
9.942820740234076249e-01
9.928010095079257136e-01
9.912618748628443388e-01
9.896627452154359572e-01
9.880015383970091047e-01
9.862759977390741506e-01
9.844836725816038525e-01
9.826218961277614072e-01
9.806877602116854664e-01
9.786780864639179622e-01
9.765893932595459681e-01
9.744178577129551933e-01
9.721592718351508289e-01
9.698089917884675781e-01
9.673618789510979310e-01
9.648122312302915837e-01
9.621537027258951769e-01
9.593792094298997375e-01
9.564808181344295335e-01
9.534496150881419663e-01
9.502755501642241587e-01
9.469472513549167525e-01
9.434518032619452210e-01
9.397744818921203169e-01
9.358984364983334858e-01
9.318043074848760821e-01
9.274697676819817493e-01
9.228689729453191104e-01
9.179719077764904034e-01
9.127436138768608709e-01
9.071432967817213422e-01
9.011233224608763415e-01
8.946281495810773920e-01
8.875933059755208854e-01
8.799446267558318491e-01
8.715981456386537873e-01
8.624612790071680690e-01
8.524362272753734926e-01
8.414266912330948811e-01
8.293487240490490242e-01
8.161453256944405377e-01
8.018020144325208598e-01
7.863579687884504343e-01
7.699067760024437268e-01
7.525843790835363700e-01
7.345480347654692599e-01
7.159542174294032391e-01
6.969423499810241118e-01
6.776268444041063654e-01
6.580960609568673458e-01
6.384153121520234064e-01
6.186313963774782154e-01
5.987771262056181820e-01
5.788751664064153424e-01
5.589410130488462469e-01
5.389851875947828663e-01
5.190148004059185194e-01
4.990346414534083119e-01
4.790479306903702161e-01
4.590568295664333998e-01
4.390627876004385977e-01
4.190667762481781189e-01
3.990694462905413631e-01
3.790712335613403705e-01
3.590724298858274932e-01
3.390732306387452821e-01
3.190737666105882275e-01
2.990741253518554577e-01
2.790743654661234086e-01
2.590745261797732235e-01
2.390746337485760153e-01
2.190747057463523495e-01
1.990747539357259899e-01
1.790747861896909987e-01
1.590748077778045833e-01
1.390748222270813128e-01
1.216845943075071240e-01
1.078568784435250394e-01
9.560048426156809998e-02
8.473685384666369835e-02
7.510771970207898163e-02
6.657279908768279353e-02
5.900775034131467561e-02
5.230236142231190627e-02
4.635894429377985376e-02
4.109091175595298850e-02
3.642151599940521983e-02
3.228273050197576211e-02
2.861425898106060434e-02
2.536265696362341449e-02
2.248055317677083789e-02
1.992595941586527628e-02
1.766165883606701445e-02
1.565466375566978985e-02
1.387573507225148446e-02
1.229895629025359351e-02
1.090135595420088643e-02
9.662572986965782887e-03
8.564560057541248383e-03
7.591320656818592062e-03
6.728676050941254962e-03
5.964058717077937340e-03
5.286329252268510102e-03
4.685614087964625439e-03
4.153161645995898966e-03
3.681214840357605912e-03
3.262898067351124431e-03
2.892117037682863379e-03
2.563469991216626217e-03
2.272169000903359517e-03
2.013970219397330941e-03
1.785112052150018619e-03
1.582260356250647952e-03
1.402459866637437158e-03
1.243091142027723120e-03
1.101832403329597006e-03
9.766257085742928359e-04
8.656469715855520013e-04
7.672793876000498720e-04
6.800898786874559534e-04
6.028082158129256145e-04
5.343085133797657220e-04
4.735928266536981322e-04
4.197766131061959807e-04
3.720758458690473090e-04
3.297955915612397408e-04
2.923198860831177181e-04
2.591027608823213827e-04
2.296602889567789349e-04
2.035635347161628432e-04
1.804323049911724910e-04
1.599296101516026972e-04
1.417567546394514488e-04
1.256489853930134297e-04
1.113716347655953803e-04
9.871670174658191317e-05
8.749982167803437981e-05
7.755758031983842407e-05
6.874513313309221730e-05
6.093409509803004651e-05
5.401067032408490804e-05
4.787399420312794649e-05
4.243466395338053680e-05
3.761343614608299502e-05
3.334007223970669156e-05
2.955231530276098941e-05
2.619498301748000133e-05
2.321916375072275498e-05
2.058150397996540447e-05
1.824357669318266706e-05
1.617132156108585551e-05
1.433454872581512032e-05
1.270649897697802904e-05
1.126345390741905897e-05
9.984390369233635159e-06
8.850674195935097599e-06
7.845788728735355992e-06
6.955094191948421428e-06
6.165614411951781030e-06
5.465847772501221062e-06
4.845599652281471418e-06
4.295833903543432910e-06
3.808541208078602563e-06
3.376622392663539682e-06
2.993785004040924243e-06
2.654451636682802214e-06
2.353678677796604055e-06
2.087084285805508803e-06
1.850784553047964199e-06
1.641336922677895460e-06
1.455690035428470189e-06
1.291139275576817655e-06
1.145287368476904737e-06
1.016009455622006983e-06
9.014221384284874000e-07
7.998560397536833998e-07
7.098314834055263710e-07
6.300369373302854120e-07
5.593099064250982283e-07
4.966199966101363026e-07
4.410539034275560454e-07
3.918021064730732123e-07
3.481470758155603608e-07
3.094528185891470563e-07
2.751556134664290732e-07
2.447557980269257281e-07
2.178104893738801741e-07
1.939271319497123313e-07
1.727577785503541580e-07
1.539940212205314525e-07
1.373624981808378708e-07
1.226209113291024405e-07
1.095544962949062885e-07
9.797289362333357962e-08
8.770737550324035571e-08
7.860838763912622134e-08
7.054337045365950815e-08
6.339482787992101380e-08
5.705861560770556938e-08
5.144242384623631691e-08
4.646443249980858933e-08
4.205211916284510150e-08
3.814120256976979010e-08
3.467470610662526515e-08
3.160212774174071495e-08
2.887870428098647285e-08
2.646475923082217080e-08
2.432512476708485671e-08
2.242862938886890464e-08
2.074764379313791860e-08
1.925767835456318354e-08
1.793702634549594668e-08
1.676644769945754967e-08
1.572888870987031018e-08
1.480923358174701783e-08
1.399408421531223627e-08
1.327156501452720727e-08
1.263114987602753381e-08
1.206350883857665176e-08
1.156037215845813448e-08
1.111440983089525153e-08
1.071912480204241975e-08
1.036875831589422993e-08
1.005820601732684240e-08
9.782943588732007597e-09
9.538960836914156743e-09
9.322703270078402208e-09
9.131020314206450512e-09
8.961119413093297969e-09
8.810525345049809114e-09
8.677044162082503681e-09
8.558731227283359137e-09
8.453862884269149051e-09
8.360911345597668933e-09
8.278522435312758084e-09
8.205495860233649995e-09
8.140767723468819928e-09
8.083395024981768205e-09
8.032541923383147950e-09
7.987467558859489795e-09
7.947515259606547666e-09
7.912102975178910194e-09
7.880714797521941888e-09
7.852893443356028269e-09
7.828233593823196564e-09
7.806375989002532477e-09
7.787002192391516182e-09
7.769829954955346873e-09
7.754609100772892839e-09
7.741117882658508350e-09
7.729159751237815958e-09
7.718560492899673553e-09
7.709165691408225151e-09
7.700838477210876743e-09
7.693457534047017111e-09
7.686915331536370780e-09
7.681116558608711184e-09
7.675976734952020041e-09
7.671420980249974175e-09
7.667382923009982271e-09
7.663803733564718115e-09
7.660631268931822297e-09
7.657819310548748266e-09
7.655326891941458941e-09
7.653117701898756935e-09
7.651159555467335185e-09
7.649423925060848490e-09
7.647885524851754723e-09
7.646521942391145614e-09
7.645313312089812674e-09
7.644242025803533469e-09
7.643292476306283151e-09
7.642450829914055094e-09
7.641704824946834286e-09
7.641043593092455644e-09
7.640457501069965908e-09
7.639938010285709024e-09
7.639477552437536465e-09
7.639069419254817873e-09
7.638707664767928504e-09
7.638387018683480107e-09
7.638102809603202935e-09
7.637850896967917274e-09
7.637627610735149040e-09
7.637429697911480281e-09
7.637254275160796039e-09
7.637098786797890595e-09
7.636960967555556015e-09
7.636838809582653198e-09
7.636730533192343553e-09
7.636634560934441919e-09
7.636549494614049505e-09
7.636474094921663865e-09
7.636407263378127344e-09
7.636348026331172033e-09
7.636295520770613955e-09
7.636248981755417857e-09
7.636207731269517989e-09
7.636171168343986222e-09
7.636138760301712388e-09
7.636110034996976098e-09
7.636084573936922130e-09
7.636062006184617281e-09
7.636042002955029787e-09
7.636024272825001766e-09
7.636008557487618984e-09
7.635994627989012222e-09
7.635982281392761380e-09
7.635971337823406383e-09
7.635961637845872825e-09
7.635953040142685947e-09
7.635945419455197498e-09
7.635938664758683031e-09
7.635932677644874586e-09
7.635927370888256513e-09
7.635922667175320832e-09
7.635918497978182163e-09
7.635914802556222010e-09
7.635911527071175903e-09
7.635908623802779238e-09
7.635906050453512041e-09
7.635903769532427174e-09
7.635901747808900101e-09
7.635899955828523100e-09
7.635898367484000346e-09
7.635896959634765608e-09
7.635895711769878016e-09
7.635894605709194801e-09
7.635893625338496475e-09
7.635892756374741250e-09
7.635891986157964594e-09
7.635891303466826222e-09
7.635890698355167483e-09
7.635890162007059535e-09
7.635889686608406718e-09
7.635889265233063637e-09
7.635888891741963791e-09
7.635888560693656685e-09
7.635888267265060617e-09
7.635888007181155634e-09
7.635887776652741501e-09
7.635887572321191962e-09
7.635887391209550166e-09
7.635887230679166207e-09
7.635887088391226609e-09
7.635886962272699296e-09
7.635886850486124961e-09
7.635886751402839571e-09
7.635886663579270683e-09
7.635886585735885693e-09
7.635886516738558772e-09
7.635886455582032209e-09
7.635886401375293518e-09
7.635886353328570504e-09
7.635886310741861572e-09
7.635886272994695237e-09
7.635886239537098961e-09
7.635886209881618519e-09
7.635886183596187697e-09
7.635886160297841725e-09
7.635886139647132149e-09
7.635886121343173675e-09
7.635886105119283274e-09
7.635886090739089123e-09
7.635886077993068028e-09
7.635886066695522903e-09
7.635886056681841498e-09
7.635886047806129005e-09
7.635886039939064007e-09
7.635886032966038977e-09
7.635886026785429812e-09
7.635886021307191286e-09
7.635886016451518668e-09
7.635886012147653273e-09
7.635886008332891503e-09
7.635886004951653437e-09
7.635886001954667235e-09
7.635885999298266034e-09
7.635885996943749360e-09
7.635885994856805761e-09
7.635885993007033043e-09
7.635885991367476696e-09
7.635885989914249400e-09
7.635885988626172022e-09
7.635885987484470871e-09
7.635885986472521271e-09
7.635885985575571282e-09
7.635885984780558069e-09
7.635885984075899449e-09
7.635885983451316875e-09
7.635885982897717978e-09
7.635885982407036093e-09
7.635885981972116108e-09
7.635885981586626781e-09
7.635885981244948249e-09
7.635885980942100883e-09
7.635885980673672502e-09
7.635885980435750543e-09
7.635885980224869117e-09
7.635885980037957732e-09
7.635885979872289999e-09
7.635885979725445588e-09
7.635885979595292027e-09
7.635885979479926801e-09
7.635885979377670734e-09
7.635885979287034900e-09
7.635885979206695810e-09
7.635885979135482177e-09
7.635885979072366642e-09
7.635885979016422762e-09
7.635885978966834939e-09
7.635885978922881870e-09
7.635885978883924972e-09
7.635885978849386873e-09
7.635885978818781190e-09
