-94.37519763341608
-94.37632959108333
-94.37742053969303
-94.3784720064283
-94.37948545297385
-94.38046227879617
-94.38140382423046
-94.38231137338637
-94.3831861568865
-94.38402935444833
-93.98484209732167
44.67020821922707
45.39568007775556
35.301867294447185
24.710914441877204
15.189234096366961
7.254941362752767
0.9772398595238704
-3.7823907268125025
-7.243201801440453
-9.650254612931572
-11.241577893232778
-12.225346518655211
-12.770010449524653
-13.004686529863498
-13.024752540694754
-12.898886253950907
-12.675634303162054
-12.388821411597647
-12.061722856425256
-11.710164186549779
-11.344771734483814
-10.9725824191401
-10.598183177630276
-10.224510671814333
-9.853408138021141
-9.486009840533217
-9.1230038082959
-8.764809058412894
-8.411693054998146
-8.063847658143258
-7.721436470516696
-7.3846226841402185
-7.053583827349371
-6.728517895019004
-6.409643986940727
-6.0971996178626675
-5.791436182857172
-5.49261358143526
-5.2009946650460925
-4.916839934112553
-4.640402743441602
-4.371925158138839
-4.1116345215231185
-3.8597407417049494
-3.616434267176693
-3.3818846987693063
-3.1562399719270755
-2.9396260367309544
-2.732146961475257
-2.53388538739633
-2.3449032662601645
-2.1652428181042476
-1.9949276528682727
-1.8339640064652298
-1.6823420486892955
-1.540037226977005
-1.4070116162581732
-1.2832152508395864
-1.1685874193929482
-1.063057908641699
-0.9665481852607871
-0.8789725088415232
-0.8002389715668599
-0.7302504625368709
-0.6689055565306896
-0.6160993284424839
-0.5717240957374059
-0.5356700920887724
-0.5078260759264464
-0.48807987799075536
-0.47631889218422646
-0.47243051407802195
-0.4763025313901283
-0.4878234706325861
-0.5068829039460543
-0.5333717199190184
-0.5671823619400549
-0.608209037366182
-0.656347900517569
-0.7114972122357638
-0.7735574784747621
-0.8424315701355312
-0.918024826108159
-1.000245141253552
-1.089003040839864
-1.1842117427483714
-1.2857872085795474
-1.3936481846225597
-1.50771623350008
-1.6279157571645826
-1.7541740118016673
-1.8864211150896977
-2.0245900461725714
-2.16861663862291
-2.318439566605999
-2.47400032439963
-2.635243199381359
-2.8021152385620955
-2.974566208723361
-3.1525485502049375
-3.336017324390026
-3.52493015494718
-3.719247162912488
-3.9189308957329017
-4.1239462504434545
-4.334260391218795
-4.549842661625143
-4.7706644920043875
-4.996699302550592
-5.2279224027930455
-5.464310888383171
-5.705843536297713
-5.952500699821874
-6.20426420496657
-6.461117250306768
-6.7230443126056985
-6.990031061013584
-7.2620642830992335
-7.539131826485469
-7.82122256040977
-8.108326362109288
-8.400434133520983
-8.697537854372777
-8.999630678294634
-9.30670707906702
-9.618763054510266
-9.935796395757107
-10.257807029696423
-10.584797442179754
-10.916773189098084
-11.253743501629252
-11.595721990799786
-11.94272745499641
-12.294784792219835
-12.651926016747653
-13.014191377542412
-13.38163057331645
-13.754304056783486
-14.132284418441795
-14.515657838407709
-14.904525593503488
-15.299005606134832
-15.699234021564443
-16.10536680105181
-16.517581319980724
-16.936077962479146
-17.361081707042253
-17.792843701156933
-18.231642826715664
-18.677787261925186
-19.13161604927553
-19.593500682781745
-20.063846731010134
-20.543095515251217
-21.031725864534735
-21.530255970959654
-22.039245370014324
-22.559297071184094
-23.09105986418111
-23.635230825570765
-24.192558049375602
-24.763843623351598
-25.349946869950376
-25.95178786736682
-26.570351261335496
-27.20669037225544
-27.86193159451712
-28.537279075283102
-29.234019648119613
-29.95352798248666
-30.697271892905256
-31.466817731427778
-32.263835763735536
-33.090105402752464
-33.94752014411771
-34.83809201513032
-35.76395531244512
-36.72736936267106
-37.73071999156478
-38.77651932715873
-39.86740348264381
-41.00612755548491
-42.19555722468277
-43.438656003571246
-44.738466863057425
-46.09808637601763
-47.52062853313116
-49.009173568229116
-50.566694016164746
-52.19594547696653
-53.899303529282776
-55.67852243323355
-57.534388307866855
-59.466242540959406
-61.47136369516155
-63.54422199569615
-65.6756636169827
-67.85214346032909
-70.05519634121094
-72.2613917278717
-74.44301287707586
-76.56959316805894
-78.61022264776395
-80.5362692842573
-82.32396672288255
-83.95631731873802
-85.42396233753306
-86.72498037485728
-87.86384489938246
-88.84990643961913
-89.69575706922939
-90.41573848123933
-91.02473498113788
-91.5372925392402
-91.96704056712777
-92.32636182159786
-92.62624786914
-92.87628267173761
-93.08470753959847
-93.25853238565129
-93.40366864972134
-93.52506761702035
-93.62685408732816
-93.71244975045641
-93.78468358285855
-93.84588847538015
-93.89798444635545
-93.94254942899663
-93.98087892397027
-94.01403590152927
-94.04289230723917
-94.06816342715624
-94.09043623809113
-94.11019272840413
-94.12782903756964
-94.14367113553479
-94.15798764894777
-94.17100034164997
-94.18289267108167
-94.19381676940515
-94.20389913685466
-94.21324528360843
-94.22194351393655
-94.23006801119851
-94.23768135327157
-94.2448365641713
-94.2515787880962
-94.25794665614988
-94.26397340294115
-94.26968777960748
-94.27511480112562
-94.28027635870198
-94.28519172227647
-94.28987795349482
-94.29435024569345
-94.29862220434946
-94.3027060789309
-94.30661295504224
-94.31035291409725
-94.31393516640632
-94.31736816246783
-94.32065968636627
-94.32381693445481
-94.32684658191401
-94.32975483930225
-94.33254750082442
-94.33522998573044
-94.33780737399891
-94.34028443725343
-94.34266566568738
-94.34495529163527
-94.34715731031828
-94.34927549819427
-94.35131342927443
-94.35327448970084
-94.35516189083239
-94.35697868104494
-94.35872775641847
-94.3604118704526
-94.36203364293439
-94.36359556805982
-94.36510002189566
-94.3665492692555
-94.36794547005381
-94.36929068519201
-94.370586882023
-94.37183593943593
-94.37303965259599
-94.37419973736942
-94.37531783446305
-94.3763955133
-94.37743427565519
-94.37843555906831
-94.37940074005147
-94.3803311371078
-94.38122801357362
-94.3820925802971
-94.38292599816563
-94.38372938049089
-93.9845037952619
44.6745941373863
45.39195540130113
35.29116620883422
24.696988165518754
15.176320484670148
7.246256903485639
0.9743259462228832
-3.7798264911077455
-7.236939825507334
-9.642823682494322
-11.235515717409443
-12.222784240850922
-12.772571470881653
-13.013548456919265
-13.040754085128746
-12.922624929552775
-12.707540229197607
-12.429208629714251
-12.110823716073806
-11.768152069206568
-11.411776033308834
-11.048698424358715
-10.68347859722757
-10.319029910547608
-9.95717507441822
-9.599029601708436
-9.245263890442633
-8.896280041482104
-8.552329092127525
-8.213586871450273
-7.8802013477964
-7.552320541790723
-7.230107381242256
-6.91374596179374
-6.60344232263451
-6.299421888472046
-6.001925052072582
-5.711201894138906
-5.427506700956226
-5.1510927039037435
-4.88220729945399
-4.621087893072206
-4.367958430948413
-4.123026629479755
-3.8864818766078377
-3.658493756344778
-3.439211134404179
-3.2287617361280376
-3.027252145929951
-2.834768158829088
-2.6513754182653173
-2.477120279464705
-2.312030843565939
-2.1561181140704417
-2.0093772336071876
-1.8717887652636858
-1.7433199886557296
-1.6239261863770542
-1.5135519014178305
-1.4121321505359428
-1.3195935824021279
-1.2358555726348297
-1.1608312506223415
-1.0944284553380306
-1.0365506192336347
-0.9870975807932356
-0.9459663274941279
-0.9130516717964161
-0.8882468634141116
-0.8714441415467685
-0.8625352310081775
-0.8614117863093989
-0.8679657877653619
-0.8820898936214631
-0.9036777520595938
-0.93262427675903
-0.9688258894708975
-1.012180732827131
-1.0625888563555188
-1.11995237841894
-1.1841756265451608
-1.2551652583681254
-1.3328303651656523
-1.4170825597545897
-1.5078360502940287
-1.6050077013515007
-1.7085170834065317
-1.8182865118007916
-1.934241075994263
-2.0563086598520375
-2.184419953566196
-2.318508457711167
-2.458510479838568
-2.6043651239381633
-2.7560142730249035
-2.9134025650574977
-3.0764773623515205
-3.245188714619111
-3.41948931574848
-3.599334454429146
-3.784681958734164
-3.975492134788538
-4.171727699684986
-4.373353708854996
-4.580337478166156
-4.792648501098249
-5.010258361452189
-5.233140642170015
-5.461270830994063
-5.694626223871703
-5.933185827221576
-6.176930260421998
-6.42584166016472
-6.679903588640253
-6.9391009478869545
-7.203419903045299
-7.472847817711224
-7.7473732050748865
-8.026985699057823
-8.311676050213
-8.601436151715138
-8.896259101323128
-9.19613930571899
-9.501072634087771
-9.811056628163131
-10.126090776185839
-10.446176858259863
-10.771319370401327
-11.101526034116217
-11.43680839757911
-11.777182533395838
-12.12266983651278
-12.473297924103335
-12.829101637262244
-13.190124142146031
-13.556418125913003
-13.928047080567188
-14.305086665740287
-14.687626139705307
-15.075769846650774
-15.469638747581094
-15.869371982242086
-16.27512845025169
-16.68708840114844
-17.105455025305087
-17.530456040498738
-17.962345272245713
-18.401404229642292
-18.847943682226294
-19.302305247122302
-19.764862999294074
-20.236025120976983
-20.716235609189503
-21.205976062560634
-21.70576757050865
-22.216172729043045
-22.737797808122558
-23.2712950955774
-23.817365442071793
-24.37676103040856
-24.95028839059338
-25.53881167938286
-26.143256239397296
-26.764612448103005
-27.403939860834637
-28.062371644274318
-28.741119287141004
-29.441477562970366
-30.164829705492362
-30.912652739983017
-31.686522893882
-32.488120986802606
-33.319237673746315
-34.18177838578893
-35.07776777947346
-36.009353468915286
-36.97880877158811
-37.98853414684569
-39.04105694025344
-40.139028958893604
-41.28522128169191
-42.48251553813665
-43.733890641040524
-45.04240357857616
-46.411162236636734
-47.84328709132054
-49.34185657905478
-50.90982753732061
-52.5499170821947
-54.26442620804587
-56.054979992573074
-57.92215730090152
-59.86498748820919
-61.88030625085809
-63.96199146384673
-66.10014636352209
-68.28036161464534
-70.48325835403243
-72.68456188676237
-74.85593487099295
-76.96666906129474
-78.98609936444905
-80.88633999207667
-82.64477890658956
-84.24580447412977
-85.68147055325075
-86.95111776360542
-88.06021746187535
-89.01881108112086
-89.83988843858886
-90.53794376529143
-91.12782985999488
-91.62393691701497
-92.03966487965027
-92.38713204558735
-92.67705777078105
-92.91876369513538
-93.12024899807118
-93.28830672783972
-93.42865830278289
-93.54609121929128
-93.6445908577114
-93.72746137606516
-93.79743341589167
-93.85675807970793
-93.90728767463443
-93.95054427981368
-93.98777745208066
-94.02001245086373
-94.04809031803872
-94.0727010430745
-94.09441091115589
-94.11368499216213
-94.13090559308321
-94.14638737188496
-94.16038969975766
-94.17312676183273
-94.18477580332129
-94.19548385754165
-94.20537323304717
-94.2145459876212
-94.22308757585192
-94.23106982307422
-94.23855335051762
-94.2455895535419
-94.25222221603016
-94.25848882861325
-94.26442166582682
-94.27004866704222
-94.27539415765008
-94.28047944016241
-94.28532327935746
-94.28994230108056
-94.29435132064665
-94.29856361380945
-94.3025911408395
-94.30644473228656
-94.31013424339878
-94.31366868287684
-94.31705632058278
-94.32030477796631
-94.32342110427648
-94.32641184105799
-94.3292830769758
-94.332040494631
-94.33468941073517
-94.337234810755
-94.33968137894522
-94.34203352451566
-94.34429540455392
-94.34647094420832
-94.34856385455119
-94.35057764846984
-94.35251565487125
-94.35438103143981
-94.35617677614707
-94.357905737679
-94.35957062492197
-94.36117401562271
-94.36271836432329
-94.36420600965369
-94.36563918105557
-94.36702000499643
-94.36835051072796
-94.36963263563491
-94.37086823021255
-94.37205906270717
-94.37320682345113
-94.37431312891736
-94.37537952551877
-94.37640749316961
-94.37739844863258
-94.37835374866421
-94.3792746929743
-94.38016252701443
-94.38101844460591
-94.38184359041973
-94.38263906231703
-94.38340591356076
-93.98414515490651
44.678824534620716
45.38837050578224
35.28087582933294
24.683606931108898
15.163929840791928
7.2379637110622
0.9716449503770481
-3.777118853569155
-7.230476930731192
-9.63495495164908
-11.228613910873086
-12.218853495197656
-12.77314781483264
-13.019753554546456
-13.0533925969275
-12.942274648647016
-12.734620742069914
-12.464029392466314
-12.153616480341563
-11.819092451046847
-11.470997826367386
-11.116303112036688
-10.759541674703296
-10.403605067166888
-10.05029693079232
-9.700715472056746
-9.355514898510618
-9.015081825311986
-8.67965226938569
-8.349387391342841
-8.02442082114039
-7.704886613738521
-7.390934189324783
-7.082734704141737
-6.780481946765842
-6.484389899480958
-6.194688430140435
-5.911618104770165
-5.635424776998765
-5.366354375993471
-5.1046481507640555
-4.850538514863267
-4.604245557117386
-4.365974230803854
-4.1359121984066185
-3.914228286590377
-3.701071492687105
-3.496570477158586
-3.30083347429012
-3.1139485543915173
-2.9359841740055175
-2.766989955283056
-2.6069976412052513
-2.4560221792821557
-2.314062892418229
-2.1811047015697897
-2.0571193704641857
-1.9420667478924194
-1.8358959878566576
-1.7385467321166923
-1.649950243424761
-1.5700304809764267
-1.4987051123602908
-1.4358864585948095
-1.3814823707357604
-1.3353970380657647
-1.297531729080894
-1.267785467411365
-1.2460556454941507
-1.2322385792924724
-1.2262300076649209
-1.2279255401559042
-1.2372210570363678
-1.2540130653926758
-1.2781990149623752
-1.3096775772653937
-1.348348891392268
-1.3941147795993392
-1.4468789356336822
-1.506547088476222
-1.5730271439556487
-1.646229306453552
-1.72606618269611
-1.8124528694124553
-1.905307026436455
-2.004548936638357
-2.1101015538964187
-2.2218905401566382
-2.3398442924812235
-2.463893960853384
-2.5939734573871376
-2.7300194574858407
-2.8719713934015916
-3.0197714405694414
-3.1733644970247625
-3.3326981561592053
-3.4977226730303124
-3.668390924411747
-3.8446583627557303
-4.026482964236787
-4.2138251710569765
-4.406647828218063
-4.604916115006912
-4.8085974714977455
-5.017661520450946
-5.2320799850840665
-5.451826603309793
-5.67687703917944
-5.90720879244255
-6.142801107335679
-6.383634881950192
-6.629692579801601
-6.880958145535007
-7.137416927053876
-7.399055606753171
-7.665862144972549
-7.937825739256969
-8.214936803516224
-8.49718697170124
-8.784569131151313
-9.077077491294252
-9.374707693877935
-9.677456971348711
-9.985324360335126
-10.298310977407915
-10.61642036432652
-10.939658909808966
-11.268036354435221
-11.601566384583407
-11.940267320281228
-12.284162900528294
-12.633283168023443
-12.987665453356056
-13.347355456658994
-13.712408422566453
-14.082890402190003
-14.458879593853435
-14.84046775265492
-15.227761657688639
-15.620884625082196
-16.019978054981248
-16.425203001295657
-16.83674175442024
-17.254799429220213
-17.679605553244546
-18.111415653276417
-18.550512841803194
-18.99720940862661
-19.45184842647126
-19.914805382938695
-20.386489854360622
-20.8673472399227
-21.357860576785992
-21.858552458768038
-22.369987082434424
-22.892772445168667
-23.427562719921163
-23.97506083085758
-24.5360212529957
-25.111253057068684
-25.70162321817997
-26.308060203185665
-26.931557846971465
-27.57317952166594
-28.234062595095544
-28.91542316515919
-29.618561044991935
-30.344864959517142
-31.095817897000565
-31.873002539320115
-32.678106671693826
-33.51292844644356
-34.37938134581784
-35.27949865551513
-36.21543722235295
-37.189480224538066
-38.20403862767555
-39.26165092835228
-40.364980691516976
-41.51681125625421
-42.720036799677516
-43.97764868038863
-45.29271556825205
-46.66835516943538
-48.10769410758514
-49.61381030093306
-51.189648520125765
-52.83789459129014
-54.56078765294726
-56.359844878474824
-58.23547193400966
-60.18643833212267
-62.20921326574749
-64.29718853824481
-66.43986438753095
-68.62214001951054
-70.82391991971458
-73.02028737524724
-75.18246168119211
-77.27960870429897
-79.28132898350131
-81.16039063202032
-82.8951363587008
-84.47106350640796
-85.88132816946245
-87.12623403352661
-88.21199671008343
-89.1491583098963
-89.9509828631853
-90.632053279949
-91.2071744222675
-91.69059827732406
-92.09553473306235
-92.43388911254289
-92.71616493010168
-92.95147787623618
-93.14763833625307
-93.3112711138475
-93.44795077019754
-93.5623385949527
-93.65831279379034
-93.73908734835152
-93.80731757045895
-93.86519198895223
-93.91451116210747
-93.95675451932168
-93.99313655993572
-94.02465378433388
-94.05212367677842
-94.076216949248
-94.09748412152928
-94.11637737363718
-94.13326847304575
-94.14846345681835
-94.16221463996519
-94.17473042673575
-94.18618332048733
-94.19671645910476
-94.20644894529009
-94.21548019294805
-94.22389347099661
-94.2317587929673
-94.23913527361249
-94.24607305144454
-94.25261485786375
-94.2587972985874
-94.26465190088291
-94.27020597015033
-94.27548329128078
-94.28050470360155
-94.28528857284093
-94.28985117916415
-94.29420703677106
-94.29836915765338
-94.30234926975419
-94.30615799786274
-94.30980501402392
-94.31329916297842
-94.31664856712658
-94.31986071467335
-94.32294253393856
-94.32590045626262
-94.32874046949495
-94.3314681636835
-94.33408877029495
-94.33660719604893
-94.33902805225576
-94.34135568038978
-94.34359417449724
-94.34574740093393
-94.34781901584022
-94.34981248069143
-94.35173107620354
-94.35357791482542
-94.35535595201362
-94.3570679964495
-94.35871671933664
-94.3603046628912
-94.36183424812401
-94.36330778199407
-94.36472746400567
-94.36609539230744
-94.36741356934527
-94.36868390711402
-94.36990823204536
-94.37108828956703
-94.37222574836102
-94.3733222043486
-94.37437918442318
-94.37539814995267
-94.37638050006929
-94.37732757476252
-94.37824065778959
-94.37912097941897
-94.37996971901481
-94.38078800747682
-94.38157692954408
-94.38233752597128
-94.38307079558622
-93.98377769723717
44.68287524306452
45.384921048158425
35.27099620390453
24.670772196333555
15.152061603576668
7.230054452728811
0.9691746534807121
-3.77431764442208
-7.2239066920577395
-9.626801563570494
-11.22109729595048
-12.213858154497766
-12.772125844180993
-13.023771507813839
-13.063220411727732
-12.958468939777932
-12.757588725481696
-12.49407392628582
-12.19096662204976
-11.863923900870354
-11.523446573445723
-11.176474559163701
-10.82751674272622
-10.479444261943005
-10.134043024444786
-9.792395241335932
-9.455140229940058
-9.122650409582912
-8.795148047915925
-8.472780875231576
-8.15566937064624
-7.843934741273862
-7.537713928732324
-7.237166072523527
-6.942473511692795
-6.653839453610169
-6.371483766830612
-6.095637881993413
-5.826539452491868
-5.564427193962216
-5.309536159321665
-5.0620935935084646
-4.8223154346917765
-4.590403476265767
-4.366543169186233
-4.150902022032954
-3.9436285429593014
-3.7448516608301423
-3.554680560483565
-3.3732048678249393
-3.2004951233757195
-3.0366034872154297
-2.8815646234214416
-2.7353967177157577
-2.5981025877647776
-2.469670851222174
-2.3500771219969385
-2.239285210258596
-2.1372483062903664
-2.043910132431796
-1.959206051001593
-1.8830641192651676
-1.8154060852293405
-1.7561483203373158
-1.7052026870358028
-1.6624773407313138
-1.6278774668840175
-1.6013059549442574
-1.582664011556879
-1.571851715977108
-1.568768520991378
-1.573313702846517
-1.5853867637872403
-1.604887790807487
-1.631717774155766
-1.6657788890151042
-1.7069747436186182
-1.7552105968740563
-1.8103935483647124
-1.8724327033777903
-1.9412393153910183
-2.016726908229141
-2.0988113798876884
-2.1874110898152903
-2.282446931249628
-2.383842390017831
-2.491523591040546
-2.6054193336205937
-2.7254611164527205
-2.8515831531602984
-2.9837223790479515
-3.1218184496558923
-3.265813731611922
-3.4156532862005733
-3.5712848460053763
-3.7326587849297796
-3.8997280818647706
-4.07244827824699
-4.250777429740322
-4.4346760522771165
-4.624107062713311
-4.819035714385301
-5.019429527907377
-5.225258217617627
-5.436493614170116
-5.6531095838830465
-5.875081945589795
-6.102388385903745
-6.335008374002251
-6.572923077262012
-6.816115279340259
-7.064569302595733
-7.3182709370818575
-7.5772073787221945
-7.84136717969454
-8.110740214501606
-8.385317665687863
-8.665092033665223
-8.9500571756219
-9.240208378993485
-9.53554247544934
-9.83605800176674
-10.141755414296622
-10.452637363933862
-10.768709038553425
-11.08997857972298
-11.416457580115836
-11.748161667395411
-12.085111179403
-12.427331934248956
-12.7748560973974
-13.127723146080541
-13.485980929443905
-13.84968682079008
-14.21890895626744
-14.593727552461893
-14.974236293730483
-15.36054377889342
-15.752775016196162
-16.151072955356298
-16.555600046080755
-16.966539813693302
-17.38409844442268
-17.808506375397396
-18.24001988736481
-18.67892270146609
-19.12552758490015
-19.580177973844748
-20.043249625423016
-20.515152313677902
-20.996331587335835
-21.487270609525975
-21.98849210150717
-22.500560413810398
-23.024083748995775
-23.559716560430882
-24.108162151092873
-24.670175495331947
-25.246566304744494
-25.83820235668884
-26.44601310039842
-27.070993550935018
-27.71420847516222
-28.37679686626383
-29.059976693810388
-29.765049904709418
-30.493407636286022
-31.24653558597899
-32.02601946248822
-32.83355042049063
-33.670930355060214
-34.54007690238009
-35.44302795960937
-36.38194549763266
-37.35911839357846
-38.376963951547665
-39.43802770393655
-40.54498098344288
-41.70061561531999
-42.90783488273495
-44.16963963265637
-45.48910794616201
-46.86936604588399
-48.31354676936911
-49.82472956726877
-51.40585215307167
-53.05957859017493
-54.78810261252216
-56.59286033769821
-58.474126068635314
-60.43047176071015
-62.458088505295784
-64.55000117347505
-66.69525846841451
-68.87824778110635
-71.07835203401764
-73.27020002250059
-75.42471585716241
-77.51101400662773
-79.49893486821772
-81.36176615169698
-83.07857766173345
-84.63568963465585
-86.02705952146161
-87.25367810647764
-88.32228124829051
-89.24375152565099
-90.03152982299241
-90.7002441698129
-91.26464917848578
-91.7388848480195
-92.13601475990026
-92.46778397146984
-92.74453568787375
-92.97523395101146
-93.16755098195243
-93.32798902695517
-93.4620160552153
-93.57420201859388
-93.6683477436604
-93.74760223519053
-93.81456661730796
-93.87138447158272
-93.91981923003424
-93.96131975555026
-93.99707544410626
-94.02806221747811
-94.0550807126083
-94.07878786061279
-94.09972291375418
-94.11832884023109
-94.1349698744368
-94.14994588963229
-94.16350415297013
-94.17584892984986
-94.18714932503781
-94.19754568066351
-94.20715479471127
-94.21607417652048
-94.22438551675417
-94.23215751701866
-94.2394481977585
-94.24630678123273
-94.252775228503
-94.25888949474293
-94.26468055523617
-94.27017524467823
-94.27539694446304
-94.2803661461579
-94.28510091410466
-94.28961726580272
-94.29392948524239
-94.29805038152269
-94.30199150278791
-94.30576331364321
-94.3093753426901
-94.31283630558674
-94.31615420803317
-94.31933643226957
-94.32238981000494
-94.32532068416597
-94.3281349614064
-94.33083815696939
-94.33343543320251
-94.33593163278913
-94.33833130756841
-94.34063874366115
-94.34285798348891
-94.34499284517328
-94.34704693971334
-94.34902368627465
-94.35092632586239
-94.35275793360805
-94.35452142985979
-94.35621959023415
-94.35785505476446
-94.35943033625668
-94.3609478279488
-94.36240981055386
-94.36381845875475
-94.36517584721051
-94.36648395612369
-94.36774467641337
-94.36895981453094
-94.37013109695144
-94.37126017437046
-94.37234862563115
-94.37339796140378
-94.37440962763873
-94.37538500880932
-94.3763254309615
-94.3772321645854
-94.37810642731901
-94.37894938649895
-94.37976216156697
-94.38054582634257
-94.3813014111703
-94.38202990495056
-94.38273225706045
-93.98340937917274
