-94.27578425406499
-94.28077934118826
-94.28554065031949
-94.29008379663354
-94.29442275333307
-94.29857009195939
-94.30253718155477
-94.30633435416357
-94.30997104276861
-94.31345589662408
-93.91679687802853
44.75215673609246
45.472747482311604
35.45888098275038
24.901134363491423
15.354722844727197
7.344844889962571
0.9508646999305974
-3.9556118400407834
-7.581781392553366
-10.159548150527584
-11.9158825599861
-13.052131999848672
-13.734140883382901
-14.091349478523371
-14.220956159766345
-14.193939450142247
-14.0610717106559
-13.8580939131337
-13.609829772208132
-13.333307245562484
-13.040059007264068
-12.737786245267156
-12.431546694866476
-12.12459500627287
-11.818972580976926
-11.515918519111933
-11.216153656652972
-10.920075027914736
-10.62788739986286
-10.339690813294634
-10.055537541608777
-9.775467937731678
-9.49953183783522
-9.227800202461786
-8.960370267947575
-8.697366486196563
-8.438938829295614
-8.185259541873457
-7.93651907773552
-7.692921714938995
-7.454681174414712
-7.222016449740574
-6.995147974340388
-6.77429419637559
-6.5596685932908425
-6.351477132028051
-6.149916163609559
-5.95517072951549
-5.767413250240357
-5.586802562357322
-5.413483268473201
-5.247585364010888
-5.089224105374831
-4.938500085426753
-4.795499484092722
-4.660294464166968
-4.5329436848389815
-4.413492908045688
-4.3019756753582845
-4.198414035688976
-4.102819306596593
-4.015192854343665
-3.935526880082385
-3.8638052016041664
-3.800004021965074
-3.7440926779917927
-3.696034363180084
-3.655786820823657
-3.6233030043637595
-3.598531702938495
-3.581418130947579
-3.5719044811457845
-3.569930441350229
-3.5754336753060874
-3.5883502686158777
-3.6086151409115224
-3.636162425648057
-3.670925819034125
-3.712838899697631
-3.7618354207239157
-3.817849575707138
-3.880816240430264
-3.9506711917414528
-4.027351305130449
-4.1107947324322955
-4.200941061001582
-4.297731455611673
-4.4011087842433225
-4.511017728837377
-4.627404882000025
-4.750218830567012
-4.87941022685731
-5.014931848378549
-5.156738646686061
-5.304787786047476
-5.45903867252451
-5.619452974055516
-5.78599463210683
-5.9586298654592476
-6.137327166709523
-6.3220572920972264
-6.51279324531593
-6.709510256036601
-6.912185753962672
-7.1207993393518905
-7.335332751083105
-7.555769833518398
-7.78209650361524
-8.014300719981614
-8.252372455841542
-8.49630367819038
-8.746088335769233
-9.001722358874622
-9.263203674441526
-9.53053224028995
-9.803710102899693
-10.082741483565712
-10.367632898271966
-10.658393317087793
-10.955034369314792
-11.257570600967755
-11.566019791430382
-11.88040333625206
-12.200746703013486
-12.527079966952392
-12.859438432579298
-13.197863346805507
-13.542402708142442
-13.893112175319686
-14.250056077231907
-14.613308524509511
-14.982954621280829
-15.359091773942698
-15.741831092088187
-16.131298875268282
-16.527638178110205
-16.931010445587592
-17.34159721003402
-17.759601841875075
-18.185251347062014
-18.61879820581129
-19.060522249443125
-19.51073257478361
-19.969769498630733
-20.438006558046432
-20.915852565572198
-21.403753731720055
-21.902195870116394
-22.411706703334623
-22.932858289625102
-23.46626959232629
-24.01260921462281
-24.57259832240976
-25.147013777228075
-25.736691499441402
-26.34253007889676
-26.96549464609078
-27.60662101115816
-28.267020070591407
-28.94788247224952
-29.650483517663794
-30.376188266653223
-31.126456792592947
-31.902849517150965
-32.70703253076381
-33.540782779416546
-34.40599296918992
-35.30467600703573
-36.23896875827595
-37.21113485633392
-38.22356624462101
-39.278783058684766
-40.379431360490365
-41.528278104647875
-42.72820253173249
-43.98218291707191
-45.293277192582075
-46.664595269975365
-48.099259663535484
-49.60034882498012
-51.17081400917941
-52.813355354689506
-54.53023689094287
-56.32301521432375
-58.192155334969236
-60.136512796300764
-62.15267705126514
-64.2342012698218
-66.37079183503172
-68.54759573499125
-70.74479297858112
-72.93774296569761
-75.09790275533597
-77.19459423796293
-79.19745672034622
-81.07916484432512
-82.81784768629639
-84.39870448297839
-85.81455638071363
-87.06538101489927
-88.1571106448385
-89.1000648863915
-89.90735028465743
-90.5934517460167
-91.17312502880804
-91.66060988832946
-92.06912961829718
-92.41061922115962
-92.69562096101693
-92.9332931587185
-93.13148919592611
-93.29687501814293
-93.4350631982205
-93.55074928917216
-93.64784182951047
-93.72958129451858
-93.79864590093315
-93.85724382566887
-93.90719238076501
-93.94998521652896
-93.98684886216614
-94.0187899692249
-94.04663457318148
-94.07106058183568
-94.09262456725352
-94.11178379994337
-94.12891433086651
-94.14432580461093
-94.15827357819192
-94.17096862509564
-94.18258562282075
-94.19326955320565
-94.20314108686512
-94.212300974695
-94.22083362924589
-94.22881004557831
-94.23629018387216
-94.24332491359634
-94.24995760063833
-94.25622540371953
-94.26216033411482
-94.2677901226487
-94.2731389297477
-94.27822792765446
-94.28307577847966
-94.28769902734398
-94.2921124262674
-94.29632920154198
-94.3003612749451
-93.90421944721939
44.75376130541409
45.485358345435166
35.49957642948277
24.955541207118156
15.40447834682595
7.37350774129942
0.9448046270195617
-4.007503899488612
-7.687587718913175
-10.323713010488925
-12.139339269975702
-13.333152656462929
-14.069465838474347
-14.477166813445809
-14.65354537000385
-14.670000202961349
-14.577837850379982
-14.4133285682158
-14.201766619363797
-13.960574508852446
-13.701603921964544
-13.43280718915585
-13.159434988204735
-12.884886114392927
-12.61130564204468
-12.340002962782567
-12.071741779546059
-11.806939567465516
-11.545803324130913
-11.288420694866536
-11.034820003864555
-10.785008754333244
-10.538997336385334
-10.29681267588717
-10.058505136550211
-9.824150982923495
-9.59385200328736
-9.367733392852957
-9.14594064790886
-8.92863597703392
-8.715994565216809
-8.508200908679926
-8.305445356802071
-8.107920941744416
-7.915820538436695
-7.72933437201496
-7.548647872800023
-7.373939867806453
-7.205381090732108
-7.043132988125286
-6.887346797087093
-6.738162868841987
-6.59571021239017
-6.460106232960994
-6.33145664092215
-6.2098555080298725
-6.095385449332516
-5.988117910593055
-5.888113542720397
-5.795422646353477
-5.7100856713916635
-5.632133757883874
-5.56158930625436
-5.498466566338772
-5.442772236115912
-5.394506062338968
-5.353661436488062
-5.32022598057992
-5.294182118378829
-5.275507628456689
-5.264176176351446
-5.2601578237766775
-5.263419513445494
-5.273925528595808
-5.291637926747513
-5.316516947592703
-5.348521395224352
-5.387608995154384
-5.433736726765262
-5.486861131987261
-5.546938601102019
-5.6139256366481
-5.68777909645166
-5.768456416829
-5.8559158170133685
-5.950116485849075
-6.05101875177588
-6.15858423709861
-6.272775997504476
-6.393558647755681
-6.520898474450526
-6.654763536713815
-6.79512375565002
-6.941950993371083
-7.095219122397618
-7.254904086228962
-7.420983951886168
-7.5934389552538235
-7.7722515400846515
-7.957406391585259
-8.148890465576585
-8.346693014318411
-8.550805610207519
-8.761222168705325
-8.97793897202536
-9.200954695314834
-9.430270437302033
-9.665889757649866
-9.90781872355911
-10.156065968501412
-10.41064276632872
-10.671563124401679
-10.938843899796696
-11.21250494308443
-11.492569274608616
-11.779063298621859
-12.072017061036243
-12.371464556902751
-12.677444094020606
-12.989998719272535
-13.309176714357218
-13.635032167521866
-13.967625627661914
-14.3070248467333
-14.653305615805422
-15.006552699268758
-15.366860870713724
-15.734336052844219
-16.1090965625252
-16.491274460749754
-16.881017006022784
-17.27848820848352
-17.68387048111935
-18.09736638375381
-18.519200455201865
-18.949621129148984
-19.38890272996474
-19.83734754582591
-20.29528797817588
-20.763088768635786
-21.241149306921233
-21.729906025993568
-22.229834893450864
-22.74145401088848
-23.26532633547006
-23.802062540084012
-24.352324030045803
-24.916826135178553
-25.496341496091752
-26.09170366240416
-26.703810918341308
-27.33363034738047
-27.982202142210184
-28.650644158989778
-29.340156705506974
-30.05202754110569
-30.787637051967373
-31.548463548279777
-32.33608860983336
-33.15220238346861
-33.99860870930921
-34.87722992241133
-35.79011114146193
-36.73942381481987
-37.72746824363975
-38.75667473745984
-39.829602972719016
-40.94893900982956
-42.117489266614086
-43.33817052441242
-44.613994717492304
-45.94804673802269
-47.343452592538384
-48.80333364116922
-50.33073988786094
-51.9285510152132
-53.59932826246435
-55.345094522123134
-57.167016430155755
-59.06496362934372
-61.036929974487876
-63.07832290561501
-65.18116466375186
-67.333304778367
-69.51781214412989
-71.71277678505284
-73.89176745740133
-76.02511575074524
-78.08200888933384
-80.0331129749977
-81.85322559546411
-83.52339487340839
-85.0320897518081
-86.37529422966074
-87.55568699326503
-88.58124277235507
-89.46362108551519
-90.21663212550143
-90.85495309744803
-91.39316156498488
-91.8450782865522
-92.22337238630507
-92.53936805273247
-92.80299395646995
-93.02282595676925
-93.20618512982998
-93.35926389311408
-93.4872618584743
-93.59451979371623
-93.68464491878238
-93.76062407709873
-93.82492348347921
-93.87957508456256
-93.92625033403948
-93.96632257476747
-94.00091937003668
-94.03096613098492
-94.05722230944708
-94.08031130618356
-94.10074510902759
-94.11894453931363
-94.13525585659059
-94.14996435536762
-94.16330548512737
-94.17547393613933
-94.18663105790358
-94.19691091311938
-94.20642521649886
-94.21526736313216
-94.22351571414042
-94.23123627683319
-94.23848489147099
-94.2453090161161
-94.25174918416552
-94.257840195345
-94.26361208965744
-94.26909094457875
-94.27429952828193
-94.27925783556556
-94.28398352818026
-94.28849229720045
-94.29279816179607
-94.2969137160792
-94.30085033352388
-94.30461833668876
-94.30822713853432
-94.31168536045554
-94.31500093120393
-94.31818117009878
-93.92123285730008
44.759012242925344
45.46607462492284
35.43529896117071
24.86913815326254
15.32435699889138
7.3241591816982545
0.9445970195925437
-3.946423252244301
-7.559405715704666
-10.128444071942543
-11.881315079142345
-13.019130960802665
-13.706984993399951
-14.073445316255386
-14.214920594309811
-14.201750114911475
-14.084217168748921
-13.897698605329808
-13.66674992536851
-13.408201732900281
-13.133440812144512
-12.850059577578078
-12.56303366986081
-12.275554744870771
-11.98961478250305
-11.706412979881938
-11.42663680616835
-11.150654275753555
-10.878643890423664
-10.610681044625045
-10.346794200379795
-10.087000223242326
-9.831325486200322
-9.579817372970698
-9.33254941378418
-9.089622299140357
-8.851162321214304
-8.617318303738028
-8.388257738793488
-8.164162610010496
-7.945225215592731
-7.731644189722101
-7.523620841880451
-7.321355879660626
-7.125046544109332
-6.934884162222666
-6.751052105182141
-6.5737241306893575
-6.403063081538267
-6.239219909118693
-6.082332989016575
-5.932527695675636
-5.789916203799042
-5.65459748551106
-5.526657474060777
-5.406169366885272
-5.293194043046728
-5.187780572334045
-5.089966795611569
-4.999779958254237
-4.91723738069363
-4.842347152182068
-4.775108835841785
-4.715514174886662
-4.663547791576983
-4.619187871986309
-4.582406831024867
-4.553171953376345
-4.531446007071048
-4.5171878273446655
-4.510352869226876
-4.5108937279777646
-4.5187606270530924
-4.533901873741809
-4.556264282992449
-4.585793570238689
-4.622434714259144
-4.66613229127118
-4.7168307815725115
-4.77447485011488
-4.839009602429404
-4.910380817329049
-4.9885351577964405
-5.07342036142986
-5.16498541177136
-5.263180691782727
-5.367958120670401
-5.479271275193296
-5.597075496519489
-5.721327983631891
-5.85198787422121
-5.989016313947857
-6.132376514906186
-6.282033804083755
-6.437955662579364
-6.600111756325488
-6.768473959056243
-6.943016368272774
-7.123715314984624
-7.310549368050845
-7.503499334010034
-7.70254825337577
-7.907681394485297
-8.118886246127307
-8.336152510340591
-8.559472096971641
-8.788839121807955
-9.024249910365354
-9.265703009703387
-9.51319921097237
-9.76674158575701
-10.02633553967237
-10.291988887082239
-10.563711951240865
-10.8415176945962
-11.125421884421936
-11.415443299351132
-11.711603982745334
-12.013929549125983
-12.322449550095108
-12.637197906250687
-12.95821341153298
-13.285540316194213
-13.619228994146233
-13.959336699793276
-14.305928418598194
-14.659077814569457
-15.018868276618942
-15.38539406436978
-15.75876155255169
-16.139090571683354
-16.52651584140026
-16.921188491638265
-17.323277666028293
-17.732972201387923
-18.15048237718755
-18.576041729375525
-19.00990892399309
-19.4523696875858
-19.903738793478766
-20.364362105453303
-20.834618683137368
-21.314922956374765
-21.8057269788313
-22.307522773983347
-22.820844789271014
-23.346272476444568
-23.884433017856725
-24.436004219524023
-25.001717592076968
-25.58236164010814
-26.1787853787754
-26.791902093671997
-27.422693355761833
-28.07221329740551
-28.74159314795711
-29.432046017858017
-30.14487190836204
-30.881462909757484
-31.643308533987337
-32.432001107698234
-33.24924112874123
-34.09684246269022
-34.976737225488336
-35.8909801628751
-36.84175229495904
-37.83136354212095
-38.8622539815612
-39.93699329531828
-41.0582778509709
-42.22892469221221
-43.45186148656518
-44.73011113891859
-46.06676923839423
-47.46497156782986
-48.92784722947602
-50.45845007749664
-52.05965677190864
-53.73401413312196
-55.48351284881946
-57.30926126205005
-59.21103484215771
-61.18668720516312
-63.231430948355374
-65.33703521905399
-67.4910438832882
-69.6761874328434
-71.87022186321997
-74.04643896319598
-76.17500939197278
-78.22512431823456
-80.16763933688513
-81.97770893254572
-83.63685196081332
-85.13404943240145
-86.46576863149718
-87.63509150344325
-88.65029021251763
-89.52321305848666
-90.26776317129762
-90.89863529746877
-91.43037102069894
-91.87672115787608
-92.25026653840852
-92.56223611375285
-92.82246407640746
-93.03943732248582
-93.22039607015991
-93.37146107945857
-93.49776963206921
-93.60360903629359
-93.69254115154347
-93.76751465070987
-93.83096383374549
-93.88489409447693
-93.93095487817517
-93.9705013373945
-94.00464603152193
-94.0343020131033
-94.0602185625544
-94.08301071189815
-94.10318356243225
-94.1211522654615
-94.13725840765612
-94.15178342730222
-94.164959586178
-94.17697893403403
-94.18800062781074
-94.19815690455195
-94.20755795406185
-94.21629589330026
-94.22444800801823
-94.23207939701675
-94.23924512962473
-94.24599200665106
-94.25235999840132
-94.25838341972045
-94.26409189089209
-94.26951112414234
-94.27466356809329
-94.2795689364828
-94.28424464255463
-94.28870615653234
-94.2929673003373
-94.29704049107342
-94.30093694264961
-94.30466683316779
-94.30823944428364
-94.31166327759477
-93.91494615217441
44.76345962699892
45.4745809161931
35.45726802200766
24.897292678641602
15.349385727303002
7.337653329976351
0.9394021599582119
-3.9764281552501055
-7.618974227529898
-10.220506425543919
-12.006926390078153
-13.17785793136894
-13.897489338245345
-14.294012608445612
-14.463818752420034
-14.477420287686412
-14.385347399524827
-14.223230917847268
-14.015856002441804
-13.780247368182172
-13.527949174546613
-13.266677560584009
-13.00150268903705
-12.735686039932911
-12.471268783152874
-12.209482170364085
-11.951031551623817
-11.696291151003926
-11.445436134918095
-11.198530839842546
-10.95558652409085
-10.716598079553648
-10.481566343580386
-10.2505106669758
-10.02347498915691
-9.800529679102016
-9.581770701505103
-9.367317176345267
-9.157308056170153
-8.95189840554733
-8.751255600632419
-8.555555651828083
-8.36497977362302
-8.17971127199596
-7.9999327835643825
-7.8258238765627395
-7.657559007983357
-7.495305821185071
-7.339223762157512
-7.189462989172225
-7.046163548899627
-6.909454791637395
-6.779454998682239
-6.65627119581022
-6.53999912812469
-6.430723373055311
-6.328517569955784
-6.233444746486296
-6.1455577237311045
-6.0648995837555475
-5.9915041850226665
-5.925396712745175
-5.866594252827676
-5.815106379543847
-5.770935748484363
-5.734078687598037
-5.704525780327038
-5.682262435906178
-5.667269442857446
-5.65952350256604
-5.658997740578275
-5.6656621939191245
-5.679484273294499
-5.7004291995270835
-5.728460413981592
-5.763539963072965
-5.8056288572261305
-5.854687404876228
-5.910675522269334
-5.973553019953005
-6.043279866939177
-6.119816433584337
-6.203123714269288
-6.29316353097711
-6.389898718868368
-6.493293294940065
-6.603312610833714
-6.719923490830769
-6.843094356043562
-6.972795335779776
-7.108998367029876
-7.25167728300313
-7.400807891620217
-7.55636804486091
-7.718337699866791
-7.886698972711819
-8.061436185781279
-8.242535909743479
-8.429987001159986
-8.62378063686262
-8.823910346329503
-9.030372043421313
-9.243164058993537
-9.462287176084084
-9.68774466958748
-9.919542352571105
-10.157688631662754
-10.402194574244707
-10.653073990523799
-10.910343533908776
-11.174022823508675
-11.444134592964769
-11.72070487023321
-12.003763193334581
-12.29334286746668
-12.589481269219847
-12.892220203921163
-13.201606322343572
-13.517691603125078
-13.840533907229553
-14.170197610623825
-14.506754321027332
-14.850283684100738
-15.200874283775129
-15.558624640591683
-15.923644310944539
-16.296055089031324
-16.675992312166777
-17.06360626896756
-17.45906370884669
-17.86254945034321
-18.274268085142126
-18.694445774289434
-19.1233321331432
-19.561202202072778
-20.008358500849713
-20.465133166058802
-20.931890172662037
-21.409027643006375
-21.896980248982295
-22.396221715597623
-22.907267436790573
-23.43067721671893
-23.96705815186571
-24.517067670932217
-25.08141675047732
-25.660873324434075
-26.2562659048122
-26.868487428892188
-27.498499344837917
-28.14733594268746
-28.81610893091149
-29.506012249922133
-30.218327102844892
-30.954427170301855
-31.715783959676976
-32.50397222011561
-33.32067533209021
-34.16769055436126
-35.04693398093722
-35.96044502504467
-36.91039020418898
-37.89906594687636
-38.92890007257541
-40.00245150505043
-41.12240765587293
-42.29157874657523
-43.512888103063496
-44.78935711120525
-46.124082972509235
-47.520206447003865
-48.980865076365845
-50.5091245009572
-52.107876110620154
-53.779683673899534
-55.526556045565684
-57.349619829189265
-59.2486678195766
-61.22156934014551
-63.26355096710322
-65.36639472783482
-67.51765769179825
-69.70008593653452
-71.89145565274036
-74.06508502893526
-76.19117735197986
-78.2389604531914
-80.17932635049486
-81.98746043108709
-83.64490226122813
-85.14064069789636
-86.47113788432786
-87.63945969007779
-88.6538545710868
-89.52614305422003
-90.27019954973619
-90.90069145072944
-91.4321358044955
-91.87826241755995
-92.25163479432916
-92.56346804957288
-92.82358563373401
-93.04046632097915
-93.22134434736367
-93.3723361876693
-93.49857615008769
-93.60434955998379
-93.69321702480738
-93.76812649191459
-93.83151190441455
-93.88537854871223
-93.931375923601
-93.97085933175971
-94.00494153354587
-94.03453580164884
-94.06039163463254
-94.08312426722073
-94.10323898007746
-94.12115107658737
-94.13720226697184
-94.15167408510169
-94.1647988620784
-94.17676869308406
-94.18774275929974
-94.19785330361853
-94.2072105060459
-94.21590646068545
-94.22401841975517
-94.2316114399858
-94.23874054199082
-94.24545247286576
-94.25178714562
-94.25777881542042
-94.26345704149664
-94.26884747447761
-94.2739725015262
-94.27885177560593
-94.28350265030456
-94.28794053764375
-94.2921792030505
-94.29623100902623
-94.30010711689599
-94.30381765427559
-94.3073718544745
-94.31077817289344
-94.31404438454364
-94.31717766604726
-94.32018466486036
-94.3230715579547
-93.92584410178587
