-94.39962983313444
-94.3999937949337
-94.40034349704064
-94.40067940295212
-94.40100195956495
-94.40131159785173
-94.40160873350403
-94.40189376754785
-94.40216708692942
-94.40242906507474
-94.00268006242473
44.63718883337692
45.284666622661604
35.06834770699505
24.43016552743718
14.952582273283534
7.142192404667285
1.053517550447524
-3.468606666127
-6.666676793830076
-8.811175993909613
-10.158798039724674
-10.926141666013033
-11.282182066126705
-11.352516173910299
-11.227776704384711
-10.972129035842519
-10.630388843083148
-10.233521145531059
-9.80271751212264
-9.352349385199895
-8.892076248024605
-8.42833492881161
-7.9653826932527725
-7.506021746364616
-7.052097851781509
-6.6048397414571225
-6.165086971603056
-5.73344014762505
-5.310357586256302
-4.8962154359279495
-4.491343245830825
-4.096043386305727
-3.710600165936154
-3.335282669539387
-2.9703440464106223
-2.6160190603888682
-2.272521066238241
-1.9400391245211257
-1.618735655111123
-1.3087448184838255
-1.0101716754504189
-0.7230920892824705
-0.44755328398236277
-0.18357494758420909
0.0688492384032973
0.3097497589952787
0.5391792207283556
0.7572101935776855
0.9639330166248474
1.1594536292204978
1.3438914752223277
1.5173775151855324
1.68005237039874
1.8320646134598182
1.9735692126135636
2.1047261311882015
2.2256990789894373
2.3366544092413193
2.4377601524044223
2.5291851767673723
2.6110984649282574
2.6836684950102163
2.747062715564099
2.8014471034955206
2.846985794928176
2.883840779612034
2.912171650250435
2.932135398914321
2.9438862535044614
2.94757554799275
2.9433516209065287
2.931359737206521
2.911742029344032
2.884637453864338
2.850181760450788
2.808507470779455
2.7597438649799653
2.7040169738771795
2.6414495755245873
2.5721611948368004
2.4962681053893383
2.413883332682058
2.3251166583614773
2.2300746250699723
2.1288605417387467
2.02157448926958
1.9083133266593653
1.7891706977136939
1.6642370385729965
1.5335995863382261
1.3973423891347942
1.2555463179941277
1.10828908096322
0.9556452398748299
0.7976862302254212
0.6344803846151558
0.466092960205202
0.2925861706425888
0.11401922289246369
-0.06955164059774242
-0.2580730939978608
-0.45149467407850175
-0.6497687197279928
-0.8528503046859901
-1.0606971632157738
-1.2732696084812736
-1.4905304434451
-1.7124448641609704
-1.9389803553994116
-2.170106578620859
-2.405795252397435
-2.6460200254860586
-2.8907563428739813
-3.1399813052570575
-3.3936735225745056
-3.651812962416669
-3.914380794348846
-4.18135923146031
-4.452731370758896
-4.728481034393197
-5.0085926141020245
-5.2930509217685815
-5.581841049496623
-5.874948243228069
-6.172357794581848
-6.4740549563027034
-6.78002488745097
-7.090252635216048
-7.404723160964824
-7.723421418798726
-8.046332495437719
-8.373441820613746
-8.704735457273298
-9.04020048068741
-9.379825454981823
-9.72360101457212
-10.071520556483346
-10.423581047540459
-10.779783947963104
-11.140136250055734
-11.504651627566565
-11.873351688054198
-12.246267317440987
-12.623440103061553
-13.00492381915034
-13.390785957053943
-13.78110928166364
-14.17599339574726
-14.57555629505411
-14.979935899234501
-15.38929154664945
-15.803805444878435
-16.22368407295504
-16.649159535839544
-17.080490876147476
-17.51796535248139
-17.96189969768978
-18.412641373871338
-18.87056984387788
-19.336097881408403
-19.809672943537173
-20.291778630712486
-20.782936259946155
-21.283706577144965
-21.794691634354635
-22.316536857126067
-22.849933326273888
-23.3956202969485
-23.954387976114944
-24.52708057711392
-25.114599666810825
-25.717907816710046
-26.338032564064225
-26.97607068213716
-27.633192750034894
-28.310648001532325
-29.009769418708768
-29.731979019613256
-30.478793269324765
-31.251828520484818
-32.05280636266494
-32.883558729998384
-33.74603258374912
-34.642293951396766
-35.5745310667049
-36.54505631578471
-37.556306650722355
-38.610842081004066
-39.7113417866185
-40.86059730399824
-42.0615020998366
-43.317036641199266
-44.630247742795696
-46.004220417249
-47.44203945095393
-48.94673608382331
-50.52121196032397
-52.16812757266706
-53.88973609686101
-55.68763745472109
-57.56242446054016
-59.513196438444865
-61.53692927327908
-63.627718401339074
-65.77595663995746
-67.96757252924588
-70.18352717922318
-72.39982070600148
-74.58824786593571
-76.71802278211409
-78.75816158724791
-80.680240319868
-82.4609632153517
-84.08399391238868
-85.54072418104418
-86.82997107082637
-87.95685685405022
-88.93124737215803
-89.76610425870757
-90.47600337083198
-91.07595049714622
-91.5805271781485
-92.00333797649573
-92.35670192362858
-92.2515247421266
36.685591859187944
39.05751956827451
31.653991491456043
23.35121399754513
15.387637646873992
8.317671578913048
2.32992062835132
-2.5844883896615976
-6.52295034221494
-9.618179566812808
-12.013695701944922
-13.84746090084243
-15.241704629925692
-16.298718622415894
-17.100766502771172
-17.712143933703906
-18.182066645118933
-18.547644396157256
-18.836571926383908
-19.069389803806395
-19.261293574566608
-19.42353309904734
-19.56446899802136
-19.690356535446373
-19.805920201358123
-19.914771398256644
-20.01971049870157
-20.122944706701276
-20.22624512176915
-20.33106014563612
-20.438597644336575
-20.549884783115353
-20.665811905790722
-20.787164995779037
-20.914649944294084
-21.048910918391744
-21.190544460521796
-21.340110483886395
-21.49814099777489
-21.665147163826422
-21.84162511924277
-22.028060886113597
-22.22493460299603
-22.432724255718544
-22.651909042045823
-22.8829724744378
-23.126405303209992
-23.382708326533454
-23.65239514218656
-23.935994887572583
-24.23405500837458
-24.547144091693834
-24.875854796139098
-25.220806908730427
-25.58265055635866
-25.962069597639925
-26.35978521909066
-26.77655975738504
-27.213200766802892
-27.67056534757089
-28.14956474635074
-28.651169234319305
-29.17641326075999
-29.726400870463273
-30.30231136111266
-30.905405141804355
-31.53702973553833
-32.198625846594915
-32.89173338796021
-33.61799733429906
-34.37917323247981
-35.17713216455251
-36.01386491762813
-36.89148507133768
-37.81223066588039
-38.77846406019243
-39.79266952639855
-40.85744804597205
-41.97550866216934
-43.149655580387844
-44.38276995250382
-45.67778485245447
-47.03765118947834
-48.46529092959093
-49.96353159643913
-51.53501221128503
-53.18204561424844
-54.906416369412135
-56.70908918439535
-58.58980278720033
-60.54653171330399
-62.57481706102972
-64.66700096149069
-66.81145101601703
-68.99192692016537
-71.1873052118626
-73.37190493094249
-75.51660204921455
-77.59075591377619
-79.56472355499521
-81.41250396583473
-83.11395797562962
-84.65615636973115
-86.03367283567223
-87.2479301432832
-88.30590557901283
-89.2185574625069
-89.99927684015114
-90.66255861979532
-91.22297768763596
-91.69447567473554
-92.08991834686923
-92.42086534488568
-92.69749319863897
-92.92862056558344
-93.12179570363841
-93.28341703452523
-93.41886683546288
-93.53264521552514
-93.62849671802883
-93.70952547988864
-93.7782972483322
-93.83692804033382
-93.88716010054974
-93.93042627288143
-93.96790409563653
-94.00056096244055
-94.02919162918717
-94.05444923625629
-94.07687088329608
-94.0968986582646
-94.11489689296995
-94.13116629913664
-94.14595553419478
-94.15947065490798
-94.17188283899235
-94.18333468887627
-94.19394537635041
-94.20381484066142
-94.21302721427912
-94.22165361890468
-94.2297544482174
-94.23738123244335
-94.24457816228426
-94.25138333538914
-94.25782977682287
-94.2639462754204
-94.26975807011178
-94.27528741395045
-94.28055403840604
-94.28557553627395
-94.29036767812892
-94.29494467447087
-94.2993193934465
-94.3035035421911
-94.30750781834358
-94.31134203706976
-94.31501523794488
-94.31853577524285
-94.32191139452782
-94.32514929791269
-94.32825619992066
-94.33123837553018
-94.33410170170364
-94.33685169346282
-94.33949353538728
-94.3420321092561
-94.34447201842792
-94.3468176094517
-94.34907299131325
-94.3512420526586
-94.3533284772748
-94.3553357580639
-94.35726720970762
-94.35912598018932
-94.36091506131334
-94.36263729833863
-94.36429539883143
-94.36589194082097
-94.3674293803321
-94.36891005836
-94.37033620734222
-94.3717099571749
-94.37303334081662
-94.3743082995168
-94.37553668770023
-94.37672027753676
-94.37786076322317
-94.37895976499777
-94.38001883291139
-94.3810394503691
-94.38202303746445
-94.38297095411588
-94.3838845030236
-94.38476493245668
-94.38561343888334
-94.38643116945404
-94.38721922434674
-94.3879786589847
-94.38871048613288
-94.38941567788288
-94.39009516753087
-94.39074985135724
-94.39138059031207
-94.39198821161396
-94.3925735102655
-94.39313725049132
-94.3936801671031
-94.39420296679563
-94.39470632937797
-94.39519090894291
-94.395657334979
-94.39610621342754
-94.39653812768827
-94.39695363957611
-94.39735329023172
-94.39773760098852
-94.39810707419824
-94.3984621940179
-94.39880342715875
-94.39913122360127
-94.39944601727623
-94.39974822671475
-94.40003825566788
-94.00031649369814
44.64519411599123
45.284966054508736
35.06507239915953
24.424648696711287
14.94570648974882
7.133427351318687
1.0397092909548804
-3.493018508597531
-6.7077130182531555
-8.873289594414752
-10.244286771198869
-11.03570982131814
-11.415710670581225
-11.509591561363516
-11.407954481620466
-11.175031370629672
-10.855719417302502
-10.481046935717877
-10.072241353848277
-9.643683493282275
-9.205020276708085
-8.762659316477022
-8.320816954785363
-7.882247052038404
-7.448743200645004
-7.021481099630363
-6.601248823037557
-6.188598971197718
-5.783946824599749
-5.387631561776935
-4.999952566148859
-4.621189257550299
-4.251610328486778
-3.8914764469094334
-3.5410391954067584
-3.2005381009222833
-2.8701969625192523
-2.550220231168652
-2.240789880649869
-1.9420629934346998
-1.6541701417875034
-1.377214551906329
-1.1112719829275375
-0.8563912221686178
-0.6125950851291534
-0.3798818076679237
-0.15822672416104636
0.05241586376157801
0.2521107103000848
0.44093960909335256
0.6189993926906601
0.7863999908257285
0.9432625793663377
1.0897178422448415
1.2259043606336528
1.3519671370518584
1.4680562568546867
1.5743256855163592
1.670932197106027
1.7580344272142385
1.835792042160516
1.9043650154617295
1.9639130021434514
2.0145948014262878
2.0565678985275713
2.0899880767121224
2.1150090912449566
2.1317823974964996
2.140456926090631
2.1411788986401157
2.134091678261824
2.1193356496914513
2.097048124413726
2.067363266783497
2.03041203763146
1.9863221523247796
1.9352180506868835
1.8772208765735976
1.8124484652565345
1.7410153370810166
1.663032696147745
1.5786084330172867
1.4878471306568952
1.390850073042782
1.2877152560000464
1.1785374000093845
1.0634079648365047
0.9424151659487994
0.8156439927760333
0.683176228949206
0.5450904747157942
0.4014621717815267
0.2523636308699352
0.09786406232209131
-0.06197038991881092
-0.2270766105793424
-0.3973944712189541
-0.572866783919539
-0.7534392501436282
-0.9390604044166773
-1.1296815525082884
-1.3252567038127314
-1.5257424976610405
-1.7310981233355593
-1.9412852336038435
-2.1562678516431073
-2.376012271290033
-2.600486950625482
-2.829662398990969
-3.0635110576363616
-3.3020071743183226
-3.5451266723102792
-3.7928470144501985
-4.0451470630466195
-4.30200693669039
-4.56340786528432
-4.82933204491005
-5.099762494505536
-5.374682916731815
-5.654077565866891
-5.937931126079206
-6.226228604001573
-6.518955240143773
-6.8160964443391725
-7.11763776110107
-7.4235648714473115
-7.733863638404562
-8.048520203989641
-8.367521145935385
-8.69085370272945
-9.018506075604973
-9.350467815901832
-9.68673030564651
-10.02728733823106
-10.37213580467327
-10.721276489106703
-11.074714974905335
-11.432462660254185
-11.794537879139794
-12.160967120789094
-12.531786337705169
-12.907042329823968
-13.286794190142745
-13.67111479563021
-14.060092326471652
-14.453831796829943
-14.85245658135863
-15.256109923661079
-15.6649564156627
-16.079183440307055
-16.49900257391648
-16.92465094876636
-17.356392580696795
-17.79451967073235
-18.239353893527458
-18.691247688880082
-19.150585575466845
-19.6177855083102
-20.093300303283787
-20.57761915321281
-21.071269260874004
-21.574817614482512
-22.08887293110907
-22.614087792921982
-23.151161000191372
-23.700840163593067
-24.263924556434866
-24.841268244884517
-25.43378351094587
-26.04244457859826
-26.668291647932303
-27.312435234977958
-27.976060805899486
-28.660433682966207
-29.366904185848938
-30.096912955014176
-30.851996384047418
-31.63379206449958
-32.44404412032796
-33.284608279372506
-34.15745649683107
-35.06468091058247
-36.00849687026241
-36.99124474012175
-38.015390127135596
-39.08352212534842
-40.1983490864343
-41.36269131206231
-42.57946989661236
-43.85169069651516
-45.182421999548296
-46.574763773298024
-48.03180510871467
-49.556564192835864
-51.15190134068145
-52.82039013087439
-54.56412530502567
-56.38444088141095
-58.28151095465878
-60.2538123056173
-62.29744585016384
-64.40534719392109
-66.56646844775615
-68.76508185928755
-70.98042535061747
-73.18694614178769
-75.35535336059489
-77.45452955624576
-79.45409474256823
-81.32716123516471
-83.05269655985582
-84.6170058595787
-86.0141155952693
-87.24515256955922
-88.31703132125041
-89.24083105773543
-90.03018686970096
-90.69990453560187
-91.26489215828138
-91.73941616882828
-92.13664015880653
-92.46838542243023
-92.74505120221646
-92.97564114741037
-92.76785419148554
38.70198071277555
40.85456835130839
32.88385566170731
24.045343097754266
15.657843648602318
8.281795277189621
2.090865632764379
-2.9443873647587147
-6.940873893621797
-10.048559285869727
-12.425599669869435
-14.221436105647784
-15.566660328254827
-16.56931850971619
-17.315436899000062
-17.871632081911986
-18.288442743607323
-18.603641195410436
-18.845167623659624
-19.033557468481366
-19.18385939022743
-19.307102873487217
-19.411395951226126
-19.502733144030096
-19.58558346957744
-19.663315167552756
-19.738501043216502
-19.813137457105068
-19.88880130588601
-19.966762687335734
-20.048065981789787
-20.133588450723245
-20.22408282830764
-20.32020850178728
-20.42255453846634
-20.531656868858693
-20.64801126540083
-20.772083283213355
-20.90431599581536
-21.045136123288437
-21.194958984054068
-21.354192583674752
-21.523241070516466
-21.702507728621526
-21.892397635656575
-22.093320083361213
-22.305690836046015
-22.529934286930065
-22.766485560740993
-23.01579260280807
-23.27831828898974
-23.554542586568726
-23.84496479326524
-24.15010587942357
-24.47051095695983
-24.806751897611186
-25.15943012222012
-25.529179582061527
-25.916669952415916
-26.32261005754351
-26.747751544742144
-27.192892823076086
-27.65888327940954
-28.146627780310247
-28.65709146290419
-29.191304810531893
-29.750368999717544
-30.335461493135565
-30.947841838557345
-31.588857615828502
-32.25995045245773
-32.96266200318069
-33.698639759808266
-34.469642524817274
-35.27754534561904
-36.12434366631294
-37.01215640974107
-37.943227653746874
-38.91992650918842
-39.94474473862537
-41.02029156533272
-42.149284998643374
-43.33453882002772
-44.57894409064012
-45.885443566563914
-47.256996567842464
-48.6965303361806
-50.206871311375494
-51.79064569839501
-53.45013329707893
-55.187052880276354
-57.0022535833245
-58.89528770772157
-60.86384930645933
-62.90308359812159
-65.00480866425798
-67.15674528000778
-69.34191823321267
-71.5384537176482
-73.72001499654853
-75.85704760225336
-77.91882368092891
-79.87602055785862
-81.70334675539135
-83.3816610335497
-84.89916774523996
-86.2515510217112
-87.44119589504947
-88.47582206973117
-89.36689111508845
-90.12807731577061
-90.77397913385478
-91.31914227210193
-91.77739052536998
-92.1614196777869
-92.48259484180443
-92.75089277242434
-92.97493957353133
-93.1621054594421
-93.31862892832879
-93.44975160193246
-93.55985180462359
-93.65256987696166
-93.73092159929207
-93.79739831420443
-93.8540537103788
-93.90257802453912
-93.94436082724529
-93.9805437211413
-94.01206429314173
-94.03969258928817
-94.06406126450977
-94.08569042557113
-94.10500804990407
-94.12236673471733
-94.13805741428277
-94.1523205803956
-94.16535545184875
-94.17732746260454
-94.18837437397937
-94.19861126219197
-94.20813458767098
-94.21702551525138
-94.22535262362042
-94.23317411704959
-94.24053963165633
-94.24749171140942
-94.25406701515922
-94.26029730459399
-94.26621025374517
-94.27183011309238
-94.27717825516248
-94.28227362349335
-94.28713310275941
-94.29177182452902
-94.29620342043184
-94.30044023231508
-94.304493487189
-94.30837344330982
-94.31208951257211
-94.31565036342579
-94.31906400775527
-94.32233787452441
-94.32547887247874
-94.32849344377807
-94.33138761009022
-94.33416701240363
-94.33683694558704
-94.33940238854383
-94.34186803065728
-94.34423829510084
-94.34651735948862
-94.34870917425893
-94.35081747911782
-94.35284581781275
-94.3547975514655
-94.3566758706521
-94.35848380639115
-94.3602242401743
-94.36189991315376
-94.36351343458225
-94.36506728958989
-94.36656384636842
-94.36800536282307
-94.36939399274641
-94.37073179155801
-94.37202072165276
-94.37326265739124
-94.37445938976298
-94.37561263075112
-94.37672401742235
-94.3777951157634
-94.37882742428503
-94.3798223774095
-94.38078134865744
-94.38170565365051
-94.3825965529399
-94.3834552546752
-94.38428291712239
-94.3850806510426
-94.38584952193935
-94.38659055218422
-94.38730472302699
-94.38799297649868
-94.38865621721337
-94.38929531407572
-94.38991110189941
-94.39050438294115
-94.39107592835695
-94.39162647958302
-94.39215674964781
-94.39266742441755
-94.39315916377979
-94.39363260276804
-94.39408835263164
-94.39452700185223
-94.39494911711236
-94.39535524421545
-94.3957459089632
-94.39612161799037
-94.39648285956
-94.39683010432142
-94.39716380603272
-94.39748440224909
-93.99779231497995
