-94.40015385318873
-94.40011877719566
-94.40008203815218
-94.40004368597877
-94.40000376916251
-94.39996233480026
-94.39991942864005
-94.39987509512184
-94.39982937741655
-94.39978231746369
-94.39973395600802
-94.39968433263523
-94.399633485806
-94.39958145288905
-94.399528270194
-94.39947397300142
-94.3994185955941
-94.39936217128566
-94.39930473244902
-94.39924631054375
-94.3991869361428
-94.39912663895815
-94.39906544786582
-94.39900339092998
-94.39894049542661
-94.39887678786617
-94.39881229401523
-94.39874703891861
-94.39868104691955
-94.39861434167997
-94.3985469461997
-94.3984788828362
-94.39841017332182
-94.39834083878237
-94.39827089975404
-94.3982003762005
-94.39812928752849
-94.39805765260427
-94.39798548976864
-94.39791281685167
-94.39783965118723
-94.39776600962712
-94.39769190855435
-94.3976173638967
-94.39754239113905
-94.3974670053363
-94.39739122112498
-94.39731505273535
-94.39723851400248
-94.3971616183776
-94.3970843789384
-94.39700680839982
-94.39692891912392
-94.39685072313003
-94.39677223210391
-94.39669345740717
-94.39661441008641
-94.39653510088175
-94.39645554023558
-94.39637573830048
-94.39629570494765
-94.39621544977437
-94.39613498211155
-94.3960543110314
-94.39597344535451
-94.39589239365651
-94.39581116427487
-94.39572976531603
-94.39564820466093
-94.3955664899719
-94.39548462869836
-94.3954026280826
-94.39532049516582
-94.39523823679326
-94.3951558596199
-94.39507337011543
-94.39499077456932
-94.39490807909618
-94.3948252896401
-94.39474241197945
-94.39465945173168
-94.39457641435723
-94.39449330516409
-94.39441012931222
-94.3943268918174
-94.39424359755488
-94.39416025126337
-94.39407685754928
-94.3939934208896
-94.39390994563603
-94.39382643601787
-94.39374289614561
-94.39365933001453
-94.39357574150694
-94.39349213439634
-94.39340851234954
-94.39332487893007
-94.39324123760056
-94.39315759172601
-93.99307394457604
44.704349076362725
45.24059578525019
34.93653490671202
24.261758372738033
14.806830490914248
7.068979100045448
1.0904767797898296
-3.2984750425224467
-6.357818454999018
-8.373003425971014
-9.608483146593835
-10.28207531339617
-10.560532319942169
-10.566221469491467
-10.386731728540013
-10.08376597293823
-9.700292652968303
-9.265954383103146
-8.801030980228866
-8.319289897286943
-7.830011033953054
-7.33941124401923
-6.8516378645927
-6.3694555625028935
-5.894716501301754
-5.428678446700349
-4.972216931204181
-4.525964243772116
-4.090398419700398
-3.665898540750534
-3.25277775178329
-2.8513019039546
-2.4616992475752877
-2.084164834744233
-1.7188620486790993
-1.365922806993624
-1.0254473848494081
-0.6975043950454595
-0.38213119068263984
-0.07933478202315056
0.2109067466278365
0.48864239303007173
0.7539460664464206
1.0069141976981322
1.2476632316056113
1.4763270911290114
1.6930546868962086
1.8980075294712988
2.09135748620165
2.2732847106479634
2.4439757608527666
2.6036219131369682
2.7524176706386534
2.8905594602198907
3.0182445074096425
3.135669876451037
3.2430316610168104
3.340524310506245
3.4283400768310583
3.506668567058063
3.575696388057951
3.63560687029541
3.6865798589960654
3.7287915620721632
3.7624144453318173
3.787617166601309
3.804564541433115
3.8134175340404832
3.814333267984864
3.8074650519435513
3.7929624166027054
3.770971159359142
3.7416333940782085
3.705087603650523
3.6614686935238727
3.6109080447640585
3.5535335655265516
3.4894697401045227
3.41883767496398
3.3417551413875204
3.2583366145292016
3.168693308837843
3.0729332099377182
2.971161103167401
2.8634785990713754
2.749984156217506
2.6307731017781446
2.5059376503650372
2.3755669216500466
2.239746957335633
2.09856073806243
1.9520882008569704
1.800406257731195
1.6435888160477716
1.4817068012618648
1.3148281826414348
1.1430180025548888
0.9663384098972376
0.7848486982044061
0.5986053489799469
0.40766208072964655
0.21206990416728794
0.011877184019306087
-0.19287029218292462
-0.40212923797702793
-0.6158587842102383
-0.8340203873982726
-1.0565777300104355
-1.2834966125516456
-1.514744837382301
-1.7502920842964245
-1.9901097779692243
-2.2341709474896656
-2.4824500783147325
-2.73492295712331
-2.991566510212965
-3.252358636277208
-3.5172780346286525
-3.7863040302010207
-4.05941639697517
-4.336595181837583
-4.617820531298458
-4.9030725239754025
-5.192331012289159
-5.48557547741943
-5.7827849022266475
-6.0839376675487085
-6.389011478013272
-6.697983324240476
-7.010829489012166
-7.327525605607694
-7.648046776996906
-7.972367764875384
-8.300463257555759
-8.632308225421585
-8.96787837194196
-9.307150687083288
-9.650104108308977
-9.99672029222802
-10.346984497376894
-10.700886575678206
-11.05842206693714
-11.419593387481386
-11.784411100915278
-12.15289525616056
-12.525076775702685
-12.900998875441479
-13.280718496904534
-13.664307732905268
-14.0518552290335
-14.443467545598843
-14.839270467684997
-15.239410254640173
-15.644054824414873
-16.053394872437206
-16.467644928968912
-16.88704436291821
-17.311858343742458
-17.742378776246174
-18.178925225706035
-18.621845852818648
-19.07151837949195
-19.528351107534633
-19.992784012908743
-20.46528993847085
-20.946375908107726
-21.436584584932742
-21.9364958957938
-22.446728843772345
-22.96794352962528
-23.50084340220547
-24.046177756735265
-24.604744498306317
-25.17739318601874
-25.76502837059092
-26.36861323487442
-26.989173542268613
-27.62780189227904
-28.285662275116774
-28.963994907977803
-29.66412132416305
-30.387449672196492
-31.135480165311098
-31.909810601885574
-32.71214185447639
-33.54428319887647
-34.408157324963035
-35.30580483756674
-36.23938801725282
-37.211193565853804
-38.22363400639161
-39.27924733615601
-40.38069443699527
-41.530753616801555
-42.73231147365473
-43.98834900909413
-45.30192150664298
-46.6761299997062
-48.114080913309465
-49.618828256889394
-51.193289114209506
-52.840117995142734
-54.56151961363977
-56.358974724768856
-58.232852570880574
-60.18188940225125
-62.202528907836005
-64.28815122042613
-66.42826590366334
-68.60780962123076
-70.80675753718289
-73.00029716600464
-75.15977862510367
-77.2545101254936
-79.25422508365342
-81.13179339310511
-82.86561259385493
-84.44118241070345
-85.85161435062935
-87.09713384381833
-88.18386077068772
-89.1222387311211
-89.92544113980439
-90.60797426289123
-91.18458247833132
-91.66947296979534
-92.07582454097033
-92.41552260307401
-92.699059366274
-92.93554554105226
-93.13279097175577
-93.29742288420255
-93.43502011554004
-93.55024928029454
-93.64699439293241
-93.72847534508558
-93.79735321148472
-93.85582198509657
-93.90568730553086
-93.94843326289671
-93.98527858933174
-94.01722360217252
-94.04508921041088
-94.06954918834032
-94.0911567880568
-94.11036662456301
-94.12755263450964
-94.1430227878267
-94.15703112314158
-94.16978758353495
-94.18146604828733
-94.19221088771123
-94.20214231056293
-94.21136072546727
-94.21995029789642
-94.22798185127607
-94.23551523363382
-94.24260124889686
-94.24928323365864
-94.25559834527272
-94.26157861490759
-94.26725180921878
-94.2726421361644
-94.27777082386064
-94.28265659598246
-94.28731606282648
-94.29176404358057
-94.29601383244376
-94.30007741888309
-94.30396567039126
-94.30768848455686
-94.31125491598776
-94.31467328260312
-94.31795125497095
-94.3210959316905
-94.32411390326564
-94.32701130646596
-94.32979387080896
-94.33246695849735
-94.33503559890558
-94.33750451851334
-94.33987816702067
-94.34216074025142
-94.34435620034509
-94.34646829364829
-94.3485005666465
-94.3504563802221
-94.35233892246943
-94.35415122026802
-94.35589614977532
-94.35757644597831
-94.35919471141966
-94.3607534241969
-94.36225494531902
-94.36370152549021
-94.3650953113839
-94.36643835145698
-94.36773260135226
-94.36897992892699
-94.37018211894218
-94.37134087744327
-94.37245783585854
-94.37353455483832
-94.37457252785697
-94.37557318459531
-94.37653789411998
-94.37746796787658
-94.37836466250833
-94.37922918251236
-94.38006268274714
-94.38086627079815
-94.38164100921442
-94.3823879176211
-94.38310797471888
-94.3838021201752
-94.38447125641615
-94.38511625032265
-94.38573793483897
-94.38633711049836
-94.38691454686872
-94.38747098392643
-94.38800713335928
-94.38852367980463
-94.38902128202561
-94.38950057402971
-94.38996216613104
-94.3904066459616
-94.39083457943391
-94.3912465116557
-94.39164296780228
-94.39202445394648
-94.39239145784975
-94.3927444497156
-94.39308388290824
-94.39341019463784
-94.39372380661344
-94.39402512566689
-94.3943145443472
-94.39459244148902
-94.39485918275463
-94.39511512115187
-94.39536059752903
-94.39559594104759
-94.39582146963399
-94.39603749041216
-94.39624430011688
-94.39644218548858
-94.39663142365211
-94.3968122824784
-94.39698502093101
-94.39714988939865
-94.39730713001225
-94.39745697694951
-94.39759965672728
-94.39773538848047
-94.39786438423054
-94.39798684914241
-94.3981029817713
-94.39821297429864
-94.39831701275968
-94.39841527726092
-94.39850794218927
-94.3985951764129
-94.39867714347382
-94.39875400177361
-94.3988259047507
-94.39889300105185
-94.39895543469659
-94.3990133452348
-94.3990668678991
-94.3991161337507
-94.39916126982048
-94.39920239924362
-94.39923964139048
-94.39927311199128
-94.39930292325724
-94.3993291839964
-94.399351999726
-94.3993714727797
-94.3993877024118
-94.39940078489744
-94.3994108136286
-94.39941787920743
-94.39942206953583
-94.39942346990178
-94.3994221630631
-94.39941822932742
-94.39941174663029
-94.3994027906096
-94.39939143467807
-94.39937775009318
-94.39936180602443
-94.39934366961849
-94.39932340606175
-94.39930107864137
-94.39927674880384
-94.39925047621118
-94.39922231879642
-94.39919233281594
-94.39916057290104
-94.39912709210695
-94.39909194196099
-94.39905517250875
-94.3990168323588
-94.39897696872555
-94.39893562747186
-94.39889285314891
-94.39884868903565
-94.39880317717643
-94.39875635841844
-94.39870827244617
-94.39865895781656
-94.39860845199225
-94.39855679137334
-94.39850401132965
-94.39845014622945
-94.39839522947
-94.3983392935058
-94.3982823698752
-94.39822448922818
-94.39816568135153
-94.39810597519403
-94.39804539889047
-94.39798397978579
-94.3979217444573
-94.39785871873701
-94.39779492773296
-94.39773039585013
-94.39766514681038
-94.39759920367224
-94.39753258884977
-94.39746532413085
-94.39739743069535
-94.39732892913196
-94.39725983945532
-94.39719018112196
-94.3971199730466
-94.39704923361727
-94.39697798071003
-94.39690623170355
-94.39683400349313
-94.39676131250442
-94.39668817470643
-94.39661460562448
-94.39654062035278
-94.39646623356612
-94.3963914595321
-94.39631631212222
-94.39624080482298
-94.3961649507468
-94.39608876264221
-94.39601225290426
-94.395935433584
-94.3958583163985
-94.39578091273981
-94.39570323368424
-94.39562529000096
-94.39554709216033
-94.39546865034266
-94.39538997444572
-94.39531107409304
-94.39523195864125
-94.39515263718734
-94.39507311857628
-94.39499341140723
-94.39491352404109
-94.39483346460676
-94.39475324100707
-94.39467286092628
-94.39459233183437
-94.3945116609944
-94.39443085546739
-94.39434992211812
-94.39426886762071
-94.39418769846344
-94.39410642095402
-94.39402504122475
-94.39394356523724
-94.39386199878678
-94.39378034750726
-94.39369861687534
-94.39361681221484
-94.39353493870108
-94.39345300136482
-94.39337100509618
-94.39328895464844
-94.3932068546418
-94.39312470956733
-94.3930425237897
-94.3929603015517
-94.39287804697679
-94.39279576407247
-94.3927134567337
-94.3926311287459
-94.39254878378755
-94.39246642543368
-94.39238405715845
-94.39230168233753
-94.39221930425161
-93.99213692608811
44.70823266287144
45.24071632885515
34.93488327028968
24.25902775808314
14.80353207491537
7.064959114756434
1.0844128453225383
-3.3088295335750844
-6.37467361159088
-8.397760690265804
-9.641691034783674
-10.323768665400657
-10.610542232683386
-10.62434422552638
-10.45279361797205
-10.157635450789266
-9.781871716046528
-9.355164449934144
-8.897799460968645
-8.423539458329582
-7.941651858945503
-7.458335993658933
-6.977718884506875
-6.502543895424367
-6.034642311733531
-5.575252522088335
-5.125232971785137
-4.685201693020278
-4.255625621067406
-3.8368760367706916
-3.4292615704172507
-3.0330467051612797
-2.6484612306549633
-2.2757043335870346
-1.914945767020646
-1.5663256684114502
-1.2299539919219773
-0.9059101084273153
-0.5942428516442776
-0.29497111130752945
-0.008084965266919684
0.2664527193393994
0.52870431543005
0.7787552043078145
1.016711387348706
1.2426970339605319
1.4568520436793067
1.6593296841976597
1.8502943516071575
2.029919485114449
2.1983856564221695
2.3558788439983576
2.502588894540503
2.638708167900716
2.7644303573424738
2.8799494739909064
2.985458982463329
3.081151073689465
3.1672160606426165
3.2438418829249995
3.3112137067345055
3.3695136075657315
3.4189203239711237
3.45960907175563
3.491751409046732
3.5155151437319794
3.531064275761807
3.5385589677590876
3.538155538248856
3.5300064726171105
3.5142604476262886
3.491062365958616
3.4605533978311023
3.422871027232342
3.3781491007769255
3.3265178775638553
3.2681040787662456
3.203030935976553
3.1314182375889623
3.053382372723277
2.9690363723867725
2.878489947735415
2.781849525437004
2.679218280259043
2.57069616510578
2.456379938814092
2.336363192088813
2.210736372015945
2.079586805638703
1.942998723117591
1.8010532810227755
1.6538285863258853
1.501399721669797
1.3438387724997232
1.1812148566376515
1.0135941568753053
0.8410399571490804
0.6636126828438776
0.48136994575210074
0.29436659418933037
0.10265476873962916
-0.09371603592895246
-0.2946989027741963
-0.5002494172505331
-0.7103255850208762
-0.924887742238636
-1.1438984581836504
-1.3673224300966957
-1.5951263701258143
-1.8272788843752947
-2.063750344136833
-2.30451274948436
-2.5495395855320853
-2.79880567179273
-3.052287005233374
-3.3099605978143294
-3.5718043095164838
-3.837796678119908
-4.1079167472966045
-4.382143894928152
-4.66045766395996
-4.94283759856121
-5.2292630888759675
-5.519713228225759
-5.814166687252737
-6.11260161016669
-6.414995538962556
-6.721325372185072
-7.031567365501639
-7.345697181961788
-7.663690000321575
-7.985520690133898
-8.311164062386569
-8.64059520424118
-8.97378990582406
-9.310725185992201
-9.651379922507797
-9.995735590097194
-10.343777107470697
-10.695493791606635
-11.050880414565594
-11.409938354949048
-11.772676833032717
-12.139114215791716
-12.509279375695666
-12.8832130854781
-13.260969430227131
-13.642617218204647
-14.028241372816169
-14.417944290088677
-14.811847148771122
-15.210091163596852
-15.612838776142027
-16.020274781865773
-16.432607396108217
-16.850069265856032
-17.272918437797323
-17.701439296456876
-18.135943488955817
-18.576770855145025
-19.024290383530413
-19.47890121457915
-19.94103371372937
-20.411150636792055
-20.889748410501433
-21.37735855080444
-21.874549241124555
-22.38192709232234
-22.90013910540883
-23.429874857225627
-23.971868928242237
-24.526903590253326
-25.09581176997739
-25.67948030221887
-26.278853483174668
-26.894936930434174
-27.528801750985007
-28.181589011822926
-28.85451449927168
-29.548873742541435
-30.2660472640904
-31.007506003726224
-31.7748168448555
-32.56964814966692
-33.393775185145905
-34.24908529343604
-35.13758262775666
-36.06139223793979
-37.02276324589009
-38.02407079773981
-39.06781641109548
-40.156626245059435
-41.29324669715771
-42.480536559745225
-43.72145472328079
-45.01904204268261
-46.37639537129676
-47.7966306842345
-49.28283027458522
-50.8379657484211
-52.4647837274216
-54.16563528094311
-55.94222475589708
-57.795251438819285
-59.72392142815599
-61.72532055444722
-63.79366605061841
-65.91949879118916
-68.0889396821142
-70.28320338068639
-72.47861290731738
-74.64734629956762
-76.75902976715768
-78.7830684603018
-80.69134420549163
-82.46073343598776
-84.07491369414723
-85.52513932728345
-86.80997167210444
-87.93420532461593
-88.9073528305281
-89.74203420093497
-90.45251995163237
-91.05355929796387
-91.55952908490839
-91.9838780510112
-92.33881198331504
-92.63515841906258
-92.88235497643372
-93.08851596937966
-93.26054337535585
-93.40425835753734
-93.5245376379259
-93.62544504569009
-93.71035281702527
-93.78205008157224
-93.84283780034552
-93.89461052422872
-93.93892595377422
-93.97706357101484
-94.0100737024302
-94.03881834093762
-94.0640049579435
-94.08621440872693
-94.10592389712836
-94.12352583120904
-94.13934327704095
-94.15364260624868
-94.16664383532763
-94.17852907077528
-94.18944940270164
-94.19953052949442
-94.20887734588975
-94.21757768505847
-94.22570537078317
-94.23332270732571
-94.24048251117948
-94.2472297697029
-94.25360299591304
-94.25963533587269
-94.26535547461546
-94.27078837800116
-94.27595590092602
-94.28087728663189
-94.28556957724538
-94.29004795191672
-94.29432600587418
-94.29841598122424
-94.30232895831057
-94.30607501480124
-94.309663358343
-94.31310243753494
-94.31640003509412
-94.31956334637147
-94.32259904579175
-94.32551334332067
-94.3283120326756
-94.33100053268574
-94.33358392295104
-94.33606697474242
-94.33845417791709
-94.34074976448635
-94.3429577293588
-94.34508184869082
-94.3471256962044
-94.34909265776588
-94.3509859444742
-94.3528086044631
-94.3545635335889
-94.35625348514812
-94.35788107874599
-94.35944880841863
-94.3609590500945
-94.36241406847138
-94.36381602336965
-94.36516697561808
-94.36646889251794
-94.36772365292691
-94.36893305199779
-94.37009880560282
-94.37122255447225
-94.3723058680688
-94.37335024822266
-94.37435713254258
-94.37532789762325
-94.37626386206284
-94.37716628930333
-94.37803639030923
-94.37887532609373
-94.37968421010233
-94.38046411046575
-94.38121605212892
-94.38194101886361
-94.38263995517414
-94.38331376810099
-94.3839633289297
-94.38458947481004
-94.38519301029132
-94.38577470877914
-94.38633531391723
-94.38687554089955
-94.38739607771656
-94.38789758633908
-94.3883807038434
-94.3888460434816
-94.3892941956981
-94.38972572909886
-94.39014119137202
-94.39054111016507
-94.39092599392052
-94.3912963326716
-94.39165259880025
-94.3919952477602
-94.39232471876629
-94.3926414354515
-94.39294580649418
-94.39323822621651
-94.3935190751557
-94.39378872061006
-94.3940475171583
-94.3942958071591
-94.39453392122536
-94.3947621786795
-94.39498088798759
-94.39519034717529
-94.39539084422499
-94.39558265745663
-94.39576605589151
-94.395941299601
-94.3961086400398
-94.39626832036576
-94.3964205757459
-94.39656563365035
-94.39670371413254
-94.39683503009927
-94.39695978756893
-94.39707818591963
-94.39719041812694
-94.39729667099138
-94.39739712535807
-94.39749195632676
-94.3975813334537
-94.39766542094503
-94.39774437784335
-94.39781835820631
-94.39788751127851
-94.39795198165707
-94.39801190945006
-94.39806743042955
-94.39811867617783
-94.39816577422935
-94.39820884820661
-94.3982480179507
-94.39828339964757
-94.39831510594877
-94.39834324608867
-94.39836792599675
-94.39838924840558
-94.39840731295578
-94.39842221629597
-94.39843405218015
-94.39844291156086
-94.39844888267918
-94.3984520511516
-94.39845250005423
-94.39845031000291
-94.39844555923173
-94.39843832366826
-94.39842867700565
-94.39841669077326
-94.39840243440385
-94.39838597529972
-94.398367378895
-94.3983467087168
-94.39832402644448
-94.39829939196622
-94.39827286343412
-94.39824449731688
-94.39821434845219
-94.39818247009546
-94.39814891396811
-94.39811373030413
-94.39807696789482
-94.3980386741325
-94.39799889505217
-94.3979576753724
-94.39791505853451
-94.39787108674092
-94.39782580099167
-94.39777924112019
-94.39773144582823
-94.39768245271853
-94.39763229832774
-94.39758101815795
-94.39752864670646
-94.39747521749561
-94.39742076310127
-94.39736531518022
-94.3973089044973
-94.39725156095054
-94.39719331359736
-94.39713419067851
-94.39707421964104
-94.39701342716212
-94.39695183917061
-94.396889480869
-94.39682637675381
-94.3967625506361
-94.39669802566125
-94.3966328243276
-94.39656696850537
-94.39650047945382
-94.3964333778395
-94.39636568375245
-94.39629741672304
-94.3962285957375
-94.39615923925324
-94.39608936521422
-94.39601899106499
-94.39594813376522
-94.39587680980279
-94.3958050352075
-94.395732825564
-94.39566019602405
-94.39558716131867
-94.39551373577014
-94.39543993330275
-94.39536576745506
-94.39529125138986
-94.3952163979047
-94.39514121944255
-94.39506572810107
-94.3949899356427
-94.39491385350375
-94.39483749280338
-94.3947608643527
-94.39468397866307
-94.3946068459545
-94.3945294761637
-94.39445187895181
-94.39437406371239
-94.39429603957838
-94.39421781542933
-94.39413939989889
-94.39406080138116
-94.3939820280373
-94.39390308780175
-94.39382398838929
-94.39374473730022
-94.39366534182669
-94.39358580905834
-94.39350614588768
-94.39342635901592
-94.39334645495776
-94.3932664400468
-94.39318632044038
-94.39310610212449
-94.39302579091849
-94.39294539247955
-94.39286491230726
-94.39278435574744
-94.39270372799739
-94.3926230341087
-94.39254227899218
-94.39246146742119
-94.39238060403572
-94.39229969334586
-94.39221873973533
-94.39213774746474
-94.39205672067561
-94.39197566339288
-94.39189457952841
-94.39181347288424
-94.39173234715514
-94.39165120593196
-94.39157005270415
-94.39148889086268
-94.39140772370287
-94.39132655442657
-93.99124538614493
44.71192386511714
45.24081838270206
34.93328665243807
24.2564064307937
14.800392525662609
7.0611919465863044
1.0788225116712633
-3.318308205161822
-6.390097438125981
-8.420458804448275
-9.672206650439431
-10.362162044255895
-10.656676088978505
-10.678042605395039
-10.513904630738795
-10.226044406968263
-9.857494238932514
-9.437933976617773
-8.987655075480962
-8.520416045029732
-8.045472929044026
-7.569008949486796
-7.0951323274045945
-6.626566581523923
-6.1651234044252865
-5.712022839904988
-5.268106973824242
-4.833979979616508
-4.41009775724054
-3.996823532415023
-3.594460876049196
-3.2032721062721103
-2.82348754757462
-2.455309356998301
-2.0989123813303014
-1.7544436354588246
-1.4220213854140389
-1.1017344046128552
-0.7936416938511561
-0.49777277503942174
-0.2141285567369958
0.05731729478699755
0.3166165772220624
0.563844475555303
0.79909729333251
1.022490087609248
1.2341542889544586
1.4342353721231746
1.6228906275872461
1.8002870699892395
1.96659950728059
2.122008784015935
2.266700203986955
2.4008621309494043
2.5246847614147474
2.638359060102299
2.7420758464353727
2.8360250191861742
2.9203949058225773
2.9953717231068313
3.0611391358913447
3.117877901727337
3.1657655897499284
3.2049763632525616
3.23568081635602
3.258045856171271
3.2722346228201546
3.278406440594128
3.2767167943858904
3.2673173263154127
3.250355848187646
3.2259763660651557
3.194319113816964
3.1555205930193915
3.109713617039949
3.0570273575365
2.9975873919559746
2.931515750924886
2.858930964692169
2.7799481080181248
2.694678843105174
2.6032314603403464
2.5057109167691425
2.4022188723483753
2.2928537241344373
2.177710638655025
2.0568815827890186
1.9304553535421816
1.7985176071574571
1.6611508880388366
1.51843465799845
1.3704453263584726
1.2172562814536358
1.0589379240871757
0.8955577034938513
0.7271801563585428
0.5538669494284706
0.3756769262418466
0.19266615847572705
0.004888002391613029
-0.18760683917120502
-0.38477024883728494
-0.5865566203914092
-0.7929227777910534
-1.0038278872028803
-1.2192333618233484
-1.43910275930218
-1.663401671653557
-1.8920976076151377
-2.1251598675007872
-2.362559410691769
-2.604268716025276
-2.8502616354719663
-3.100513241648793
-3.3549996698942346
-3.613697955844066
-3.876585869692347
-4.1436417486089026
-4.414844329116766
-4.690172581614801
-4.969605549666834
-5.253122197170042
-5.540701267063654
-5.832321155839192
-6.127959808759103
-6.42759464136718
-6.731202493561442
-7.0387596231694705
-7.350241746579799
-7.665624134494541
-7.98488177122269
-8.307989586069906
-8.634922765234002
-8.965657152124242
-9.300169743132123
-9.63843928455335
-9.980446974580405
-10.326177272069163
-10.67561881118447
-11.028765418143232
-11.385617223232744
-11.74618185825354
-12.11047572671092
-12.478525331656314
-12.850368644246313
-13.226056495005988
-13.60565396956636
-13.989241791351514
-14.376917675306963
-14.768797639214808
-15.165017262296717
-15.565732884487744
-15.971122743766603
-16.38138805304117
-16.79675402211199
-17.217470833999766
-17.643814588293004
-18.076088227058424
-18.514622461216586
-18.95977671711343
-19.41194012434391
-19.87153256675726
-20.33900581906214
-20.814844791620896
-21.29956890593905
-21.793733623074395
-22.297932146739463
-22.81279732227109
-23.33900375187403
-23.87727014557957
-24.42836192612286
-24.99309410433912
-25.57233443957435
-26.16700689684095
-26.778095408817077
-27.406647946064012
-28.053780892752325
-28.720683717460528
-29.408623918938623
-30.11895221481239
-30.85310792675615
-31.61262449842322
-32.39913506217076
-33.214377947133926
-34.060201994236806
-34.93857151282536
-35.851570677917685
-36.80140712495632
-37.790414447563926
-38.821053238549375
-39.89591022847642
-41.017694959982265
-42.18923327630917
-43.413456677617745
-44.693386265992984
-46.03210946644168
-47.43274678284343
-48.89840418315832
-50.4321038513486
-52.03668165810978
-53.71463403564924
-55.46789127498222
-57.29749093521259
-59.203127003463464
-61.18256089268418
-63.23090303432307
-65.33981277132854
-67.49672138845644
-69.68425225189756
-71.88007139760032
-74.05741167330392
-76.18642865241618
-78.23634971620895
-80.1781162457297
-81.98700625930384
-83.6446809093671
-85.14026173124027
-86.47033820556244
-87.63808667088996
-88.65184356137752
-89.52349419263096
-90.26695698216895
-90.89692635637047
-91.42793345387113
-91.87371285782694
-92.24682651420311
-92.55848395109393
-92.81850071219006
-93.03534656110074
-93.21624645126187
-93.36730784467633
-93.49365663671634
-93.59957051979215
-93.6886033249723
-93.76369708821595
-93.82728067161032
-93.88135505113134
-93.92756611306547
-93.96726616815893
-94.00156552866827
-94.03137549010725
-94.05744397753381
-94.08038499509239
-94.10070288180728
-94.11881224097468
-94.13505428311072
-94.14971020729989
-94.16301214445309
-94.17515209839969
-94.18628924605756
-94.19655589488869
-94.20606234305741
-94.21490084376252
-94.22314883880928
-94.23087159644004
-94.23812436372104
-94.24495412349366
-94.25140102927492
-94.25749957790248
-94.26327956861434
-94.268766888201
-94.27398415448079
-94.27895124433871
-94.28368572767256
-94.28820322460876
-94.29251770010688
-94.29664170744346
-94.30058658991858
-94.30436264839129
-94.30797928083501
-94.31144509895346
-94.31476802596272
-94.31795537888894
-94.32101393810898
-94.32395000636329
-94.32676945906091
-94.32947778736347
-94.33208013526719
-94.3345813316793
-94.33698591830954
-94.33929817404633
-94.34152213637628
-94.34366162029826
-94.34572023511365
-94.34770139940369
-94.34960835445328
-94.35144417633842
-94.35321178685648
-94.35491396345166
-94.35655334826217
-94.35813245639598
-94.35965368352687
-94.36111931288765
-94.36253152172618
-94.36389238728088
-94.36520389232547
-94.36646793032328
-94.36768631022987
-94.36886076097478
-94.36999293565032
-94.3710844154347
-94.37213671326715
-94.3731512772995
-94.3741294941384
-94.37507269189456
-94.37598214305442
-94.37685906718553
-94.37770463348848
-94.37851996320467
-94.37930613189107
-94.38006417156912
-94.38079507275708
-94.38149978639414
-94.38217922565987
-94.3828342676991
-94.38346575525593
-94.3840744982227
-94.38466127510954
-94.38522683443877
-94.38577189606842
-94.38629715244873
-94.38680326981698
-94.38729088933164
-94.38776062815178
-94.38821308046263
-94.38864881845231
-94.38906839324036
-94.3894723357623
-94.3898611576119
-94.39023535184319
-94.390595393735
-94.39094174151967
-94.39127483707745
-94.39159510659931
-94.39190296121905
-94.39219879761622
-94.39248299859186
-94.39275593361833
-94.39301795936383
-94.3932694201944
-94.39351064865285
-94.3937419659167
-94.39396368223599
-94.39417609735229
-94.3943795008989
-94.39457417278429
-94.39476038355875
-94.39493839476494
-94.39510845927472
-94.39527082161094
-94.39542571825525
-94.39557337794376
-94.39571402195057
-94.39584786435876
-94.3959751123206
-94.39609596630754
-94.39621062034942
-94.39631926226352
-94.39642207387641
-94.39651923123431
-94.39661090480683
-94.39669725968204
-94.39677845575387
-94.39685464790188
-94.39692598616476
-94.39699261590637
-94.39705467797538
-94.39711230885949
-94.3971656408328
-94.39721480209836
-94.39725991692491
-94.39730110577811
-94.39733848544822
-94.39737216917102
-94.39740226674621
-94.39742888464978
-94.39745212614372
-94.39747209138018
-94.39748887750343
-94.39750257874697
-94.39751328652741
-94.39752108953556
-94.39752607382331
-94.39752832288798
-94.39752791775378
-94.39752493705055
-94.39751945708862
-94.39751155193268
-94.39750129347186
-94.3974887514877
-94.39747399372025
-94.39745708593132
-94.39743809196581
-94.39741707381096
-94.39739409165347
-94.39736920393513
-94.39734246740571
-94.39731393717527
-94.39728366676363
-94.39725170814846
-94.39721811181266
-94.39718292678921
-94.39714620070453
-94.3971079798212
-94.39706830907835
-94.39702723213179
-94.39698479139177
-94.39694102806038
-94.3968959821673
-94.39684969260455
-94.39680219715999
-94.3967535325498
-94.39670373445031
-94.39665283752866
-94.39660087547168
-94.39654788101515
-94.39649388597114
-94.39643892125538
-94.39638301691296
-94.39632620214377
-94.3962685053269
-94.39620995404428
-94.39615057510385
-94.39609039456168
-94.396029437744
-94.39596772926745
-94.39590529306028
-94.3958421523812
-94.39577832983932
-94.39571384741195
-94.3956487264632
-94.39558298776116
-94.39551665149477
-94.39544973729043
-94.39538226422772
-94.3953142508554
-94.39524571520559
-94.39517667480906
-94.3951071467092
-94.39503714747529
-94.39496669321663
-94.39489579959475
-94.39482448183657
-94.39475275474614
-94.3946806327166
-94.39460812974198
-94.39453525942776
-94.39446203500233
-94.39438846932704
-94.39431457490693
-94.39424036390031
-94.39416584812834
-94.39409103908446
-94.3940159479439
-94.39394058557195
-94.39386496253287
-94.39378908909816
-94.3937129752546
-94.39363663071224
-94.3935600649122
-94.39348328703355
-94.39340630600145
-94.39332913049313
-94.39325176894555
-94.39317422956131
-94.393096520316
-94.39301864896379
-94.3929406230433
-94.39286244988432
-94.39278413661307
-94.392705690158
-94.39262711725478
-94.39254842445204
-94.39246961811652
-94.39239070443756
-94.39231168943259
-94.39223257895149
-94.39215337868113
-94.39207409415023
-94.39199473073297
-94.39191529365415
-94.39183578799232
-94.39175621868448
-94.3916765905297
-94.39159690819277
-94.39151717620814
-94.39143739898321
-94.3913575808019
-94.39127772582802
-94.39119783810861
-94.39111792157715
-94.39103798005625
-94.39095801726158
-94.39087803680363
-94.39079804219136
-94.39071803683477
-94.3906380240475
-94.3905580070497
-94.39047798897032
-93.99039797284938
44.715428994924174
45.240902849011334
34.93174376200892
24.253890326637176
14.797403008313477
7.057657266880572
1.073659791655246
-3.3270005945587684
-6.404235560369999
-8.441302590940596
-9.700291060210668
-10.397568061928595
-10.699293737823956
-10.727720300976335
-10.570509704656748
-10.28947696207396
-9.92768175511837
-9.514820253331965
-9.071189206821053
-8.610543387638959
-8.142128456046033
-7.6721128085806845
-7.204587258651179
-6.742256841468561
-6.286914881091737
-5.839764087868347
-5.401630937759168
-4.973106206710008
-4.554634925324343
-4.146572143812057
-3.7492159886695675
-3.3628259944425807
-2.987632205790446
-2.6238387801075636
-2.2716245741674435
-1.9311423230873543
-1.6025174113908136
-1.2858468186326972
-0.981198541516986
-0.6886116112493503
-0.4080967103657792
-0.13963732659903627
0.11680865269184823
0.3613070143935504
0.5939450693206145
0.8148293757163203
1.0240834208316842
1.221845329474369
1.40826565313958
1.583505279179834
1.747733487002899
1.9011261677442928
2.0438642152637176
2.176132089550343
2.2981165485003836
2.4100055403270564
2.511987246345091
2.6042492623163866
2.686977905747215
2.760357636312842
2.8245705768012206
2.87979612248901
2.9262106275894264
2.9639871582634747
2.993295302602725
3.0143010289276746
3.0271665846680667
3.0320504289774326
3.029107193068853
3.0184876630336426
3.000338780615107
2.974803658054507
2.942021603707678
2.902128155650661
2.8552551209554236
2.8015306187265097
2.7410791253507214
2.6740215207292732
2.600475134539794
2.520553791817809
2.4343678573581626
2.342024278619318
2.243626626970908
2.139275137260078
2.029066745787409
1.9130951268808625
1.7914507283381127
1.664220806075471
1.5314894583770011
1.3933376601814453
1.2498432978786855
1.1010812051123633
0.9471232001020866
0.78803812500802
0.6238918878633594
0.45474750759664684
0.28066516265687086
0.10170224373986184
-0.08208658890474467
-0.27064934313074884
-0.46393662709027494
-0.661901575573115
-0.8644997701355651
-1.0716891527072485
-1.283429932413617
-1.4996844854075673
-1.7204172475668151
-1.945594599985765
-2.175184747273048
-2.4091575887608774
-2.6474845828419475
-2.8901386047770434
-3.137093798464563
-3.3883254228359876
-3.64380969374288
-3.9035236224356398
-4.167444852007043
-4.435551493489123
-4.707821963654582
-4.984234826987635
-5.264768644756422
-5.549401834640082
-5.838112544935972
-6.1308785479898775
-6.427677158142408
-6.728485180150258
-7.033278894696286
-7.342034088213087
-7.654726134769098
-7.971330138153347
-8.2918211424875
-8.616174419630996
-8.944365841265869
-9.276372342797224
-9.612172485041425
-9.951747118075788
-10.295080149595417
-10.642159417706845
-10.992977665360815
-11.347533610706574
-11.70583310468643
-12.067890364362462
-12.433729267965882
-12.803384695671161
-13.176903898790448
-13.55434787958199
-13.93579276425043
-14.321331152995267
-14.711073433089364
-15.105149043831899
-15.503707685660268
-15.906920469535539
-16.314981006729095
-16.728106443136497
-17.146538446050158
-17.57054415478833
-18.000417109602914
-18.43647817581169
-18.87907648210134
-19.32859039344275
-19.785428540093267
-20.250030924786586
-20.722870130501065
-21.20445265121282
-21.695320367838455
-22.196052191194614
-22.707265893269483
-23.229620147412422
-23.763816797176446
-24.310603372437654
-24.870775869981355
-25.445181813869485
-26.034723608439272
-26.640362193544682
-27.263121007423827
-27.904090257111683
-28.564431489343477
-29.24538244611961
-29.948262178230163
-30.674476376772276
-31.4255228667655
-32.202997188123284
-33.00859816723364
-33.844133356950636
-34.711524193458466
-35.61281068444768
-36.55015540286603
-37.52584651163845
-38.542299483068156
-39.602057096015955
-40.70778718583705
-41.862277474597036
-43.068426604199914
-44.32923019877024
-45.6477603213072
-47.027135905789926
-48.47048034594797
-49.98085997513935
-51.561193273242864
-53.214115307631964
-54.94177609240625
-56.74554726254599
-58.62561148785339
-60.580416503401345
-62.60599403564101
-64.69517733567051
-66.83680254142647
-69.01504581578934
-71.20911392148797
-73.39353599144566
-75.53925277786573
-77.6155364296561
-79.59252337232674
-81.44390132794011
-83.14918590558375
-84.69512405897241
-86.07602751685133
-87.29313838595472
-88.35333470785095
-89.26754436343796
-90.04917874716433
-90.71278595513076
-91.27301196671739
-91.7438763964025
-92.13832252283153
-92.46798257790752
-92.7430984094415
-92.97254577689279
-93.16392176508106
-93.32366580193221
-93.45719407053963
-93.56903431373169
-93.66295327647744
-93.74207266245766
-93.80897187731428
-93.86577733269488
-93.91423896552799
-93.95579509184941
-93.99162691211662
-94.02270401822013
-94.04982219064996
-94.07363466277411
-94.09467789656613
-94.11339277771638
-94.1301420078113
-94.14522435229979
-94.15888629745628
-94.17133157786927
-94.18272895749459
-94.19321858086306
-94.2029171552469
-94.21192217806376
-94.22031538519877
-94.22816556402724
-94.23553084864956
-94.24246059327388
-94.24899690198949
-94.25517587870229
-94.26102864917686
-94.2665821974744
-94.2718600512058
-94.27688284360775
-94.28166877522345
-94.2862339937233
-94.29059290694143
-94.29475844139212
-94.29874225624586
-94.30255492088268
-94.30620606263413
-94.3097044900928
-94.31305829637581
-94.3162749459117
-94.31936134766507
-94.32232391717669
-94.3251686293574
-94.32790106362533
-94.33052644268226
-94.33304966599296
-94.335475338839
-94.33780779766434
-94.3400511323002
-94.3422092055554
-94.34428567057309
-94.3462839862859
-94.34820743124376
-94.3500591160446
-94.35184199455723
-94.35355887409808
-94.35521242469373
-94.35680518754451
-94.35833958278295
-94.35981791660853
-94.36124238786905
-94.36261509414646
-94.36393803739867
-94.36521312920176
-94.36644219563003
-94.36762698180807
-94.3687691561635
-94.36987031440628
-94.37093198325765
-94.37195562394822
-94.3729426355046
-94.37389435783867
-94.37481207465633
-94.37569701619728
-94.37655036181829
-94.37737324243072
-94.37816674280218
-94.37893190373195
-94.37966972410611
-94.38038116284386
-94.38106714073824
-94.38172854220049
-94.38236621691152
-94.38298098138918
-94.38357362047306
-94.38414488873424
-94.38469551181284
-94.38522618768867
-94.3857375878875
-94.3862303586287
-94.38670512191412
-94.38716247656608
-94.38760299921248
-94.3880272452261
-94.38843574961706
-94.38882902788467
-94.38920757682644
-94.38957187531086
-94.3899223850134
-94.39025955111723
-94.39058380298272
-94.39089555478573
-94.39119520612654
-94.39148314261054
-94.39175973640388
-94.39202534676262
-94.39228032053981
-94.39252499266819
-94.39275968662331
-94.39298471486498
-94.3932003792598
-94.39340697148543
-94.3936047734176
-94.39379405749968
-94.39397508709703
-94.39414811683595
-94.39431339292891
-94.3944711534851
-94.39462162880884
-94.39476504168468
-94.39490160765196
-94.39503153526651
-94.39515502635314
-94.39527227624616
-94.39538347402211
-94.39548880272122
-94.39558843956127
-94.39568255614239
-94.39577131864388
-94.39585488801262
-94.39593342014543
-94.39600706606295
-94.39607597207745
-94.3961402799539
-94.39620012706536
-94.39625564654118
-94.39630696741118
-94.39635421474318
-94.39639750977574
-94.39643697004566
-94.39647270951136
-94.39650483867094
-94.39653346467647
-94.39655869144356
-94.39658061975734
-94.39659934737425
-94.39661496912005
-94.39662757698527
-94.39663726021594
-94.39664410540135
-94.39664819655962
-94.39664961521942
-94.39664844049885
-94.39664474918152
-94.39663861579031
-94.39663011265851
-94.39661930999826
-94.39660627596652
-94.39659107672959
-94.39657377652416
-94.39655443771768
-94.39653312086519
-94.39650988476556
-94.39648478651516
-94.39645788156001
-94.39642922374568
-94.39639886536632
-94.39636685721143
-94.39633324861157
-94.39629808748197
-94.3962614203652
-94.39622329247273
-94.39618374772405
-94.39614282878568
-94.39610057710858
-94.39605703296378
-94.39601223547767
-94.39596622266572
-94.39591903146534
-94.3958706977676
-94.39582125644769
-94.39577074139517
-94.39571918554236
-94.3956666208927
-94.39561307854744
-94.39555858873186
-94.39550318082094
-94.39544688336406
-94.39538972410865
-94.3953317300234
-94.39527292732066
-94.39521334147837
-94.39515299726087
-94.39509191873968
-94.3950301293133
-94.39496765172608
-94.39490450808711
-94.39484071988885
-94.39477630802374
-94.39471129280194
-94.3946456939677
-94.39457953071522
-94.39451282170442
-94.39444558507589
-94.3943778384657
-94.3943095990196
-94.39424088340688
-94.39417170783368
-94.39410208805599
-94.3940320393922
-94.39396157673578
-94.39389071456681
-94.3938194669637
-94.39374784761429
-94.3936758698268
-94.39360354654063
-94.39353089033655
-94.39345791344637
-94.39338462776327
-94.39331104485048
-94.39323717595114
-94.39316303199676
-94.39308862361607
-94.39301396114317
-94.39293905462594
-94.39286391383392
-94.39278854826581
-94.39271296715734
-94.39263717948826
-94.3925611939892
-94.39248501914906
-94.39240866322118
-94.39233213423041
-94.3922554399788
-94.39217858805203
-94.39210158582524
-94.3920244404691
-94.39194715895493
-94.39186974806087
-94.39179221437627
-94.39171456430795
-94.39163680408407
-94.39155893976
-94.39148097722256
-94.39140292219452
-94.39132478023943
-94.39124655676605
-94.39116825703205
-94.39108988614868
-94.39101144908435
-94.39093295066903
-94.3908543955975
-94.39077578843336
-94.39069713361258
-94.3906184354471
-94.39053969812743
-94.39046092572742
-94.39038212220595
-94.39030329141109
-94.39022443708257
-94.3901455628549
-94.39006667226037
-94.38998776873181
-94.38990885560479
-94.38982993612109
-94.38975101343048
-94.38967209059398
-93.9895931705855
