-94.36946186101883
-94.37125873523799
-94.37298799838608
-94.37465239194748
-94.37625452552986
-94.3777968846716
-94.37928183804651
-94.3807116441291
-94.38208845737579
-94.3834143339684
-93.98469123716303
44.63515299683731
45.4013608097483
35.334034588900145
24.756521516137507
15.234470343244459
7.2907481373871565
1.0028071615107161
-3.758714933305414
-7.206666167657926
-9.584707394354103
-11.133505809288426
-12.065253343111896
-12.551918562938832
-12.725063317492143
-12.681566086658517
-12.490966387588951
-12.202294303141672
-11.849652429653599
-11.456489904530205
-11.038757861533778
-10.607189115927648
-10.16892258086609
-9.728649553471623
-9.289416166628886
-8.853180776002834
-8.421197724070716
-7.994278677649757
-7.572968033756884
-7.157658327424624
-6.748664031923406
-6.346266770024713
-5.950741134359519
-5.562367598439409
-5.18143706783944
-4.808250245948832
-4.443114009230083
-4.086336288842276
-3.738220457982467
-3.3990598702559134
-3.069132943386482
-2.748699005957993
-2.4379950022145116
-2.1372330665919583
-1.8465989249957586
-1.566251046109966
-1.2963204474659509
-1.0369110532995358
-0.7881005011262243
-0.5499412989931107
-0.32246224365075804
-0.10567002002183112
0.10044908671510662
0.2959274241091519
0.4808141976345494
0.6551737255162551
0.819083751868936
0.9726338392042638
1.1159238548455948
1.2490625603498877
1.3721663085992304
1.4853578496920914
1.588765244029824
1.6825208789471153
1.7667605837689566
1.8416228371914702
1.9072480602888868
1.9637779881640034
2.011355113215195
2.0501221931305436
2.080221816989792
2.101796023217361
2.114985963552339
2.119931607658343
2.116771483467919
2.105642448827586
2.0866794904697548
2.0600155467788266
2.0257813512355103
1.9841052938126171
1.9351132979554455
1.8789287111100248
1.8156722070630105
1.7454616986288813
1.6684122594646504
1.5846360540108961
1.4942422747524378
1.3973370861640222
1.2940235748577267
1.1844017055810898
1.068568282829976
0.9466169179391425
0.818638001598159
0.6847186818117595
0.5449428473833048
0.3993911170487599
0.24814083442759471
0.09126606898706668
-0.0711623767616422
-0.23907695360237521
-0.4124133452471391
-0.5911104410210406
-0.7751103013610591
-0.9643581159008221
-1.158802153929359
-1.3583937070332615
-1.563087023759227
-1.7728392361678815
-1.9876102781911131
-2.207362795754665
-2.43206204868704
-2.6616758045066136
-2.8961742242632966
-3.1355297407121703
-3.379716929217143
-3.628712371926991
-3.8824945159383706
-4.141043526365603
-4.404341135480979
-4.672370489377543
-4.945115993945607
-5.222563162350146
-5.50469846665442
-5.791509196760477
-6.082983330430709
-6.379109418817104
-6.6798764926493766
-6.985273995010186
-7.295291747435814
-7.609919956896859
-7.929149271998946
-8.252970897449012
-8.581376776400088
-8.914359850648342
-9.251914408736038
-9.59403653173597
-9.940724645787549
-10.29198018926352
-10.64780840073641
-11.008219231684269
-11.37322838516861
-11.742858478622217
-12.117140325541044
-12.496114327465675
-12.879831964385128
-13.268357368833673
-13.661768966716275
-14.06016116649539
-14.463646077958959
-14.872355242455324
-15.286441358234875
-15.706079987307534
-16.131471233863113
-16.562841388602067
-17.000444538043112
-17.44456414275788
-17.895514593282662
-18.353642756962966
-18.819329533023677
-19.292991436608652
-19.77508223532946
-20.266094663975295
-20.76656224447284
-21.277061238972664
-21.79821276410298
-22.3306850939961
-22.8751961786493
-23.43251640249289
-24.003471605618973
-24.588946386838064
-25.18988770338262
-25.8073087764099
-26.44229330415523
-27.0959999752777
-27.76966726320992
-28.46461846773426
-29.182266952145405
-29.924121502871927
-30.691791713103758
-31.486993262819507
-32.311552934928415
-33.167413171701845
-34.05663593826387
-34.98140562182179
-35.94403065750837
-36.94694353426616
-37.99269879526027
-39.0839686018054
-40.223535368041354
-41.41428087985801
-42.659171161361506
-43.96123610422707
-45.32354244882729
-46.749157931661976
-48.24110296296993
-49.8022835572088
-51.43539487676318
-53.14277862394091
-54.926210755625625
-56.78659117416098
-58.32350766463574
20.360130707963965
18.76855078386135
16.434046981010905
13.723476469005583
10.899177600001744
8.134205524584923
5.532642421270022
3.149058252517461
1.0048090789966337
-0.8997460833874857
-2.5768262587916375
-4.04563601851168
-5.328662086842779
-6.449228924096693
-7.429932133709919
-8.291703950277128
-9.053331956552881
-9.731291393242723
-10.339781798637139
-10.890885488716858
-11.394788711754005
-11.860025468584581
-12.293718749727105
-12.701804656028884
-13.089232225021789
-13.460136552335609
-13.817985685803459
-14.165703361977444
-14.505770395066717
-14.840307737743236
-15.171144133401782
-15.499871017078913
-15.827886990440371
-16.15643385113611
-16.486625829855136
-16.819473395222932
-17.155902733157525
-17.49677179362549
-17.84288362104691
-18.194997540595192
-18.55383865660686
-18.92010602666623
-19.29447980148584
-19.677627562822533
-20.07021004626797
-20.47288640026305
-20.8863191050131
-21.311178653417826
-21.748148079306166
-22.197927405071447
-22.661238070337536
-23.1388273948151
-23.63147312140837
-24.139988079370923
-24.665225001400128
-25.208081522549573
-25.769505382275877
-26.35049984336794
-26.952129332455026
-27.575525295762457
-28.221892250274696
-28.89251399397851
-29.588759918942834
-30.312091347305717
-31.064067782611584
-31.846352937482827
-32.6607203637758
-33.509058474035875
-34.39337470447124
-35.315798531222605
-36.27858301452082
-37.28410450937374
-38.33486014435681
-39.433462625731956
-40.582631860948986
-41.78518279481367
-43.044008683527906
-44.362058744698444
-45.742308612554865
-47.18772108626441
-48.701192898493034
-50.28548009962394
-51.9430896952995
-53.67611863194486
-55.48601467407154
-57.37323012473211
-59.33674235525489
-61.37342844012883
-63.477308752791345
-65.63872004000838
-67.84354295866065
-70.07268280277002
-72.30205750235099
-74.50333801627151
-76.64556779869189
-78.69755522643354
-80.63065624560642
-82.42137586827685
-84.05323057891611
-85.51753683845709
-86.81311233861217
-87.94514611271047
-88.92361860302857
-89.76163328796312
-90.47391677820673
-91.07562077370865
-91.58145915140227
-92.0051508239255
-92.35910995769564
-92.65431901577107
-92.90032649156302
-93.10532263477155
-93.27625852943737
-93.41898444540628
-93.53839173583252
-93.63854871690872
-93.72282527620187
-93.79400382752745
-93.85437604893474
-93.90582592239076
-93.94990018021167
-93.98786752897601
-94.0207680886035
-94.04945443497743
-94.07462552300257
-94.09685462762512
-94.11661229402421
-94.13428514696855
-94.150191279605
-94.16459282649444
-94.17770622522909
-94.18971058486153
-94.20075450647808
-94.21096164006538
-94.22043521083819
-94.22926170592353
-94.23751387741828
-94.24525318913608
-94.25253181082292
-94.25939424435191
-94.26587865066428
-94.27201793338057
-94.27784062454029
-94.28337160940545
-94.28863272033452
-94.29364322409874
-94.29842022243422
-94.3029789819039
-94.30733320612774
-94.31149526098591
-94.31547636141399
-94.31928672679321
-94.32293571063089
-94.32643190916194
-94.32978325264288
-94.332997082407
-94.3360802161823
-94.33903900371409
-94.34187937435777
-94.3446068780016
-94.3472267204381
-94.34974379409188
-94.35216270485779
-94.35448779566367
-94.35672316726436
-94.35887269668886
-94.3609400536839
-94.36292871544438
-94.36484197986857
-94.36668297753809
-94.3684546825897
-94.37015992261946
-94.3718013877378
-94.37338163887563
-94.37490311542653
-94.3763681422987
-94.37777893643762
-94.37913761287457
-94.38044619034683
-94.38170659653053
-94.38292067292095
-94.3840901793923
-94.38521679846329
-94.3863021392935
-94.38734774143184
-94.38835507833716
-94.38932556068653
-94.3902605394898
-94.39116130902127
-94.39202910958315
-94.39286513011275
-94.39367051064322
-94.39444634462667
-94.3951936811312
-94.39591352691778
-94.39660684840504
-94.3972745735301
-94.39791759351007
-94.39853676451173
-93.99913290923413
44.62535017757406
45.340238367722016
35.199337310045536
24.59180889215148
15.092147115923629
7.215534166108251
1.028479196253704
-3.61059305008119
-6.928924955073262
-9.183919854658765
-10.625180066444189
-11.468006889467057
-11.883405512016594
-12.000122394848411
-11.911858538872762
-11.685318138604796
-11.367256942172277
-10.990056449166905
-10.575910472262867
-10.139880191104817
-9.692085029519864
-9.239255682844975
-8.785825281216388
-8.334689926096635
-7.8877343092074454
-7.446191354084471
-7.01088518781844
-6.582392558899129
-6.161147638586048
-5.747507873053715
-5.341793371011041
-4.944308619895711
-4.555352694375396
-4.175222247758573
-3.8042102424634936
-3.4426024255371184
-3.090672879883
-2.748679503667147
-2.416859934078668
-2.095428197786383
-1.7845722107346536
-1.4844521438811171
-1.1951996041628525
-0.9169175404079735
-0.6496807639599195
-0.39353696740925337
-0.14850812753616077
0.08540781297500413
0.3082350787229154
0.5200180900410954
0.7208194534547401
0.9107179677805255
1.0898066874494994
1.258191073915792
1.4159872567654843
1.5633204183714824
1.7003233095832513
1.82713489887685
1.9438991534762884
2.05076394803603
2.1478800943918555
2.235400484496816
2.31347933782702
2.3822715441505986
2.441932092500054
2.492615577387646
2.5344757736837176
2.567665272081602
2.592335167653792
2.608634794626396
2.616711501135764
2.6167104583619367
2.6087744990441393
2.5930439809636305
2.569656671523215
2.5387476500562367
2.5004492249601986
2.454890863170837
2.4021991298727534
2.3424976366843615
2.2759069968603076
2.202544786325907
2.1225255095984723
2.035960569861813
1.9429582426458294
1.8436236527246803
1.7380587539873118
1.6263623121549617
1.5086298903235589
1.3849538373965462
1.255423279546996
1.120124114908586
0.9791390117440706
0.8325474103787682
0.6804255292160672
0.5228463751731195
0.35987975888843715
0.19159231505982066
0.018047528271490296
-0.16069423533602148
-0.3445756902103176
-0.5335425870187804
-0.7275436614609277
-0.926530575980588
-1.130457854127651
-1.3392828073552225
-1.5529654540800322
-1.7714684308827824
-1.9947568957818396
-2.222798423579679
-2.455562893358708
-2.6930223682936782
-2.935150968054682
-3.181924734200844
-3.433321489114316
-3.689320689201289
-3.949903273296499
-4.2150515074557555
-4.484748827612861
-4.758979681919556
-5.037729374984895
-5.32098391668969
-5.608729878775602
-5.900954262999173
-6.197644385296659
-6.498787781120119
-6.8043721378662525
-7.114385261107654
-7.428815082122681
-7.747649714966531
-8.070877571982836
-8.398487547163285
-8.73046927705387
-9.066813488907362
-9.407512445418885
-9.752560494588806
-10.101954731981083
-10.455695780861669
-10.813788693415065
-11.17624397349744
-11.543078718288994
-11.914317872897856
-12.289995588629823
-12.670156672488083
-13.054858112735678
-13.444170663263302
-13.838180468250302
-14.236990708329694
-14.640723250242669
-15.049520283792925
-15.46354593270512
-15.882987829604017
-16.30805864955804
-16.73899760123561
-17.17607187945792
-17.619578087567447
-18.069843642361548
-18.527228178213704
-18.99212497030955
-19.464962399604246
-19.946205484148958
-20.43635750285084
-20.935961738563883
-21.44560336769808
-21.96591152331874
-22.497561558004872
-23.04127753153285
-23.59783494670094
-24.168063754215897
-24.752851644383064
-25.35314763917321
-25.969965992831394
-26.60439040223168
-27.257578519308648
-27.930766746714397
-28.625275283946
-29.34251337416902
-30.08398468149787
-30.85129270438151
-31.64614610297209
-32.47036378717803
-33.32587957805854
-34.214746219090124
-35.13913847647362
-36.10135502955511
-37.103818813099885
-38.149075430075314
-39.23978920113096
-40.37873634510289
-41.5687946779179
-42.812929050943474
-44.114171482245524
-45.47559448122627
-46.90027525138146
-48.39124693883845
-49.95143036169752
-51.5835352088214
-53.28991356996314
-55.072342063052176
-56.53170435634285
22.180004669826598
20.56488416860723
18.210658677684066
15.48216125115864
12.639025702289302
9.852552716406814
7.226439424450123
4.815689641122839
2.642308075223285
0.7073202808042648
-1.000775432294814
-2.500401112176223
-3.8132550584322416
-4.96195269896838
-5.968525403843092
-6.853515042845557
-7.635489494774832
-8.330851077936403
-8.95384002640339
-9.516658743636436
-10.029662443668219
-10.50157827042935
-10.939728018443205
-11.35023934933283
-11.73823734761605
-12.10801294378054
-12.463167708335398
-12.806736272112195
-13.14128854351301
-13.469014264713572
-13.791792485451241
-14.111248378964154
-14.428799574972693
-14.745693899356501
-15.063040125261207
-15.381833075545625
-15.702974181177542
-16.027288397454384
-16.355538209107692
-16.688435313820598
-17.026650457939468
-17.370821804466246
-17.72156213820027
-18.079465152918523
-18.445111017915476
-18.819071383676135
-19.20191395692675
-19.594206752157834
-19.996522108611657
-20.409440547586225
-20.83355453386993
-21.26947219647405
-21.71782105701457
-22.179251808634575
-22.654442183861917
-23.14410094592086
-23.6489720344466
-24.169838892990786
-24.707529001855082
-25.26291863533249
-25.836937857037807
-26.430575760296566
-27.044885952133225
-27.6809922688216
-28.340094697781232
-29.023475464386905
-29.732505222613703
-30.468649265090438
-31.23347364098983
-32.02865103941428
-32.85596626205518
-33.71732107276982
-34.614738174469366
-35.55036402644976
-36.5264701785847
-37.54545276171393
-38.60982973251408
-39.72223541847829
-40.885411831209666
-42.10219609357072
-43.37550312575622
-44.70830239799703
-46.10358696205757
-47.56433187289879
-49.09343707282549
-50.69364627114395
-52.36742796730841
-54.116798055077886
-55.943057339452075
-57.846414976609424
-59.82547396246483
-61.87657105054983
-63.99299488266009
-66.16415626405485
-68.37485251625606
-70.60484057895853
-72.8289785949254
-75.01816476654979
-77.1411554445761
-79.16709216133884
-81.06829815375383
-82.82275541637496
-84.41573935636346
-85.84034711157153
-87.09697776695843
-88.19206377908708
-89.13644160564576
-89.94370404505426
-90.62876238475152
-91.2067256506889
-91.69211237067192
-92.09835614120445
-92.43754355490984
-92.72032065956124
-92.95591223004467
-93.15221000462513
-93.31589786912875
-93.45259204680723
-93.56698217568092
-93.66296485313643
-93.74376516736396
-93.81204433110558
-93.86999315643068
-93.91941205833223
-93.9617787743492
-93.9983051984557
-94.02998476184963
-94.05763172600876
-94.08191363329706
-94.1033780182125
-94.12247433660507
-94.13957193137918
-94.15497472672743
-94.16893323104274
-94.18165433163017
-94.19330928146306
-94.20404020819512
-94.21396541697978
-94.22318370980787
-94.23177790363995
-94.23981769625841
-94.24736200134136
-94.25446085178793
-94.26115695191838
-94.26748694415869
-94.27348244355602
-94.27917088348866
-94.28457620780627
-94.28971943802443
-94.29461913882274
-94.29929180072963
-94.30375215533091
-94.30801343546074
-94.31208759049291
-94.3159854649586
-94.31971694717282
-94.32329109330512
-94.32671623131647
-94.33000004835897
-94.33314966457111
-94.33617169565649
-94.33907230619415
-94.34185725527213
-94.34453193574466
-94.34710140817705
-94.34957043035071
-94.35194348304469
-94.35422479268267
-94.35641835132888
-94.35852793443651
-94.36055711667679
-94.36250928612554
-94.36438765703639
-94.36619528139009
-94.36793505938135
-94.36960974897589
-94.37122197465403
-94.37277423543247
-94.37426891224955
-94.3757082747828
-94.37709448775685
-94.37842961679566
-94.37971563386226
-94.38095442232503
-94.3821477816851
-94.38329743199365
-94.38440501798654
-94.38547211295874
-94.38650022239973
-94.38749078740832
-94.38844518790387
-94.38936474564808
-94.39025072709221
-94.39110434606062
-94.39192676628332
-94.39271910378622
-94.39348242914996
-94.39421776964458
-94.39492611124932
-93.99560840056333
