-94.37797212832905
-94.37897118628733
-94.37993418600074
-94.38086244407206
-94.38175722204177
-94.38261972905984
-94.38345112440581
-94.38425251986779
-94.38502498199027
-94.38576953419843
-94.38648715880797
-94.38717879892634
-94.38784536025452
-94.38848771279095
-94.3891066924498
-94.38970310259297
-94.39027771548436
-94.39083127367002
-94.39136449128793
-94.39187805531245
-94.39237262673613
-94.39284884169376
-94.39330731253001
-94.39374862881591
-94.39417335831527
-94.39458204790489
-94.39497522444992
-94.39535339563872
-94.39571705077687
-94.39606666154494
-94.39640268271954
-94.39672555286234
-94.39703569497559
-94.39733351712913
-94.3976194130574
-94.39789376273028
-94.39815693289732
-94.3984092776086
-94.39865113871062
-94.39888284632218
-94.3991047192878
-94.39931706561184
-94.39952018287326
-94.39971435862286
-94.39989987076298
-94.40007698791138
-94.40024596974834
-94.40040706735097
-94.4005605235114
-94.40070657304273
-94.40084544307246
-94.40097735332232
-94.40110251637843
-94.40122113794816
-94.40133341710869
-94.40143954654378
-94.40153971277186
-94.40163409636445
-94.40172287215613
-94.40180620944622
-94.40188427219205
-94.40195721919483
-94.40202520427829
-94.40208837646051
-94.40214688011861
-94.40220085514753
-94.40225043711234
-94.40229575739527
-94.40233694333597
-94.40237411836814
-94.4024074021499
-94.40243691068937
-94.40246275646571
-94.402485048546
-94.4025038926972
-94.40251939149427
-94.40253164442467
-94.40254074798828
-94.40254679579473
-94.40254987865627
-94.40255008467783
-94.40254749934373
-94.40254220560118
-94.40253428394143
-94.40252381247728
-94.40251086701798
-94.40249552114223
-94.40247784626804
-94.40245791171995
-94.40243578479462
-94.40241153082385
-94.40238521323545
-94.40235689361154
-94.4023266317465
-94.4022944857003
-94.40226051185297
-94.40222476495506
-94.40218729817784
-94.40214816316053
-94.0021074100572
44.66408678060315
45.290121793616855
35.06662839324909
24.42409137342525
14.944749638177791
7.134009760331284
1.044328400398189
-3.4813929468446934
-6.686300084876095
-8.840154572191981
-10.198477503943534
-10.976993432984816
-11.344245750085946
-11.425697110558865
-11.311985097455729
-11.06732280775361
-10.736572057498735
-10.35072704316338
-9.930989426810271
-9.491724512011043
-9.042573491754133
-8.589946606173564
-8.13806942918444
-7.689709876804916
-7.24667874746227
-6.810170588795781
-6.380992649796312
-5.959715917797144
-5.5467723623918985
-5.1425154446775885
-4.747255909238803
-4.361281282870342
-3.9848649444334487
-3.618268808618184
-3.2617423719103447
-2.9155199516897565
-2.5798173022991127
-2.2548283389390664
-1.9407223868573005
-1.6376421603270994
-1.345702535037682
-1.0649900881593506
-0.7955633274587836
-0.5374535033901232
-0.2906658879743979
-0.055181405569680174
0.16904149098784713
0.38206479302344876
0.5839688374159736
0.7748502022105236
0.9548196480610448
1.1240001444857675
1.2825250088341618
1.4305361764365427
1.568182612618391
1.6956188710083249
1.8130037976987847
1.9204993771562338
2.018269713140949
2.1064801361097043
2.1852964274757354
2.2548841505446675
2.3154080778075143
2.367031704446316
2.409916838306912
2.444223257145745
2.47010842460672
2.487727257086711
2.4972319343704887
2.498771747633536
2.492492979106645
2.4785388083574817
2.4570492407641815
2.4281610543297103
2.39200776151209
2.3487195832241032
2.2984234325885535
2.2412429064232855
2.177298282776905
2.1067065231444038
2.0295812782645255
1.946032896641024
1.8561684351406846
1.7600916712049997
1.657903116372222
1.5497000309446496
1.4355764397544324
1.3156231490821555
1.1899277648674942
1.0585747124221332
0.921645257913223
0.7792175319323256
0.6313665555010182
0.4781642688913941
0.31967956365820277
0.15597831829034298
-0.012876562106612106
-0.18682510168761438
-0.36581020490415167
-0.5497776023122023
-0.7386757907845913
-0.9324559677849881
-1.1310719593908856
-1.3344801417887795
-1.5426393560066913
-1.7555108156979888
-1.9730580078469895
-2.1952465863323845
-2.422044258360583
-2.653420663869744
-2.8893472481085998
-3.129797127715367
-3.3747449507639478
-3.624166751411284
-3.8780397999753173
-4.136342449501797
-4.399053980145681
-4.666154443003483
-4.937624505391788
-5.21344529997847
-5.493598280639873
-5.778065088440603
-6.0668274317111965
-6.359866984827338
-6.657165310962063
-6.958703814773268
-7.264463731678478
-7.574426161025191
-7.8885721510468665
-8.20688284395153
-8.529339689765296
-8.855924737583786
-9.186621012606897
-9.521412986687967
-9.86028714906887
-10.203232682468096
-10.55024224773894
-10.901312877948891
-11.256446980022053
-11.615653439143195
-11.978948818094814
-12.34635864076633
-12.717918746433408
-13.09367669925417
-13.473693235947446
-13.85804373395104
-14.246819682596986
-14.64013014101611
-15.038103168556823
-15.440887216372447
-15.848652472340401
-16.261592155433927
-16.67992375985842
-17.10389025347996
-17.533761239122367
-17.96983409102764
-18.412435082050948
-18.8619205199169
-19.31867791307167
-19.78312718833104
-20.25572198368028
-20.736951040280324
-21.227339718032304
-21.72745165900246
-22.237890622653275
-22.759302516186104
-23.29237764236819
-23.837853185960963
-24.39651595821282
-24.969205416722897
-25.55681697517319
-26.160305613776423
-26.78068979656623
-27.419055695595002
-28.076561714406026
-28.75444329348525
-29.454017968449467
-30.176690637181714
-30.923958974715507
-31.6974189142001
-32.49877008864251
-33.32982110128173
-34.192494462381035
-35.08883099675479
-36.020993488855396
-36.991269289247114
-38.002071554801795
-39.055938729857274
-40.1555317889762
-41.30362864243593
-42.50311493645026
-43.756970233219526
-45.06824817417677
-46.4400485894506
-47.87547836951705
-49.37759585137975
-50.94933000803034
-52.59336064816904
-54.31193972519259
-56.10662850348699
-57.97792351588373
-59.92474917742571
-61.94381005776711
-64.02882513805251
-66.16971358014072
-68.35186612579535
-70.55570634028359
-72.7567914878318
-74.92667823286665
-77.03464421820905
-79.0501188627787
-80.94541501984956
-82.6981966700478
-84.29316404385264
-85.72267484798608
-86.98633074397397
-88.08980158088802
-89.04325993161854
-89.85976553108492
-90.55383328480497
-91.14030101139703
-91.63352077767331
-92.04684141249365
-92.39232464002967
-92.68063292862271
-92.92103394380916
-93.12147760738016
-93.28871323947361
-93.42842422458024
-93.54536548923774
-93.64349485972593
-93.72609340770357
-93.79587258298324
-93.85506763759463
-93.90551785997755
-93.94873468803983
-93.9859590184711
-94.01820909142451
-94.04632028185682
-94.0709780222676
-94.09274494862535
-94.1120832216544
-94.12937284081843
-94.14492664433642
-94.15900257809666
-94.17181372005808
-94.18353646413777
-94.1943171975623
-94.20427774682454
-94.21351981828796
-94.22212861873231
-94.23017580745405
-94.23772190379883
-94.24481825122082
-94.25150862029038
-94.2578305177991
-94.2638162566333
-94.26949383090653
-94.27488763254338
-94.28001903875149
-94.28490689431577
-94.2895679081749
-94.29401698010254
-94.29826747035852
-94.3023314227694
-94.30621974974939
-94.30994238618092
-94.31350841779006
-94.3169261886021
-94.32020339121313
-94.32334714292199
-94.32636405020662
-94.32926026357049
-94.33204152441593
-94.3347132052975
-94.33728034466459
-94.33974767700106
-94.34211965911027
-94.3444004931553
-94.34659414696355
-94.34870437201025
-94.35073471942738
-94.35268855432324
-94.35456906865173
-94.35637929282849
-94.35812210626088
-94.35980024693076
-94.36141632014744
-94.36297280656997
-94.36447206958272
-94.3659163620972
-94.36730783283983
-94.36864853218012
-94.36994041754443
-94.3711853584549
-94.37238514122762
-94.37354147336187
-94.37465598764601
-94.37573024600323
-94.37676574309987
-94.37776390973318
-94.37872611601615
-94.37965367437548
-94.38054784237342
-94.38140982536969
-94.38224077903158
-94.38304181170359
-94.3838139866467
-94.38455832415423
-94.38527580355351
-94.38596736510087
-94.3866339117743
-94.38727631097298
-94.38789539612799
-94.38849196822886
-94.38906679727208
-94.38962062363626
-94.3901541593864
-94.39066808951426
-94.39116307311546
-94.3916397445093
-94.39209871430242
-94.3925405704016
-94.39296587897653
-94.3933751853767
-94.39376901500411
-94.39414787414393
-94.39451225075665
-94.39486261523287
-94.3951994211117
-94.39552310576747
-94.39583409106295
-94.39613278397384
-94.39641957718463
-94.39669484965628
-94.39695896716935
-94.39721228284253
-94.39745513762789
-94.39768786078419
-94.39791077032879
-94.3981241734709
-94.39832836702463
-94.398523637805
-94.39871026300648
-94.39888851056529
-94.3990586395059
-94.39922090027396
-94.39937553505327
-94.3995227780716
-94.39966285589205
-94.3997959876931
-94.39992238553668
-94.40004225462582
-94.40015579355078
-94.40026319452629
-94.40036464361837
-94.40046032096225
-94.4005504009719
-94.40063505254051
-94.40071443923371
-94.40078871947475
-94.40085804672277
-94.40092256964373
-94.40098243227466
-94.40103777418254
-94.40108873061538
-94.40113543264935
-94.40117800732854
-94.40121657780115
-94.40125126344921
-94.40128218001452
-94.40130943971863
-94.40133315137965
-94.40135342052385
-94.40137034949379
-94.401384037552
-94.40139458098118
-94.40140207318042
-94.40140660475895
-94.401408263625
-94.40140713507297
-94.40140330186622
-94.40139684431793
-94.40138784036895
-94.40137636566192
-94.40136249361457
-94.40134629548882
-94.40132784045848
-94.40130719567436
-94.40128442632684
-94.40125959570696
-94.40123276526452
-94.40120399466578
-94.4011733418466
-94.40114086306701
-94.40110661296123
-94.40107064458772
-94.40103300947703
-94.40099375767771
-94.00095293780073
44.66902271534582
45.289593672185404
35.06299814117563
24.418829271941902
14.939272120459826
7.128981866263123
1.0391069025128985
-3.4887041438472854
-6.698085734513933
-8.858412137926246
-10.22445565605683
-11.011310000139563
-11.387142751198
-11.477239104322035
-11.372170282986353
-11.136132939387194
-10.813989273105655
-10.436735524321714
-10.025571293596323
-9.59485433082382
-9.154213215636906
-8.710041579338377
-8.266545580445015
-7.826472032348466
-7.391609932241415
-6.963132175649194
-6.541825221175508
-6.128240713332473
-5.722793192578357
-5.325820956579572
-4.937622095381266
-4.558474130562729
-4.18864313046924
-3.828386353944558
-3.477951182375531
-3.137572183930729
-2.807467507610111
-2.487835351865555
-2.178850938617694
-1.8806642094008814
-1.5933983179400422
-1.3171489022752056
-1.0519840647144336
-0.7979449585163384
-0.5550468682862361
-0.3232806707580068
-0.10261456965830108
0.1070039903676676
0.30564631243031215
0.4934004064011809
0.670368972478089
0.8366674510836004
0.9924221698104354
1.1377686086109577
1.2728497964688865
1.3978148463145852
1.5128176298212508
1.618015589790429
1.7135686849334253
1.7996384598149946
1.876387231391481
1.9439773828072446
2.0025707547872815
2.052328124974926
2.093408765823211
2.125970072084014
2.150167249492486
2.1661530568689757
2.174077594521846
2.1740881325045347
2.1663289729402226
2.15094134126298
2.128063301826399
2.097829693893448
2.060372084541562
2.015818735493914
1.9642945813213226
1.9059212168511375
1.8408168919713783
1.7690965123329294
1.6908716447323906
1.6062505262058049
1.5153380760817594
1.418235910433788
1.3150423585390176
1.2058524810949824
1.0907580900715166
0.9698477701815282
0.8432069020452294
0.7109176871983031
0.5730591751573557
0.42970729280682857
0.2809348764116318
0.1268117065901098
-0.03259545339655706
-0.1972228156689801
-0.3670095216926699
-0.5418975918049124
-0.7218318699380079
-0.9067599631849446
-1.0966321758730602
-1.2914014378368524
-1.4910232266128418
-1.695455483317873
-1.904658522017924
-2.118594932448267
-2.337229476008942
-2.560528975033222
-2.788462195413208
-3.0209997227676553
-3.258113832455783
-3.499778353879674
-3.745968529680891
-3.996660870627724
-4.251833007212645
-4.511463539239352
-4.775531884980125
-5.044018131831363
-5.31690289079222
-5.594167157540718
-5.875792183384995
-6.161759359922874
-6.45205012184549
-6.74664587296091
-7.045527941176437
-7.348677568840411
-7.656075945477117
-7.9677042905123985
-8.283543994037018
-8.603576823935745
-8.927785207764146
-9.25615259752134
-9.588663924890295
-9.92530615354826
-10.266068933760982
-10.610945362657175
-10.95993285136098
-11.313034097600303
-11.670258159607792
-12.031621624224952
-12.397149859274798
-12.766878337670088
-13.14085401856174
-13.519136769284577
-13.90180081106699
-14.288936171541996
-14.680650128066189
-15.077068627700871
-15.478337672350658
-15.884624660850326
-16.296119683563244
-16.713036769102484
-17.13561508690454
-17.56412011338587
-17.998844773130266
-18.44011056986826
-18.8882687248337
-19.34370134238101
-19.80682262451177
-20.27808015721933
-20.75795629236003
-21.246969649149182
-21.74567675941618
-22.254673880473998
-22.7745989988897
-23.30613404758543
-23.850007357523275
-24.40699636367081
-24.977930582909075
-25.563694878892896
-26.16523302542847
-26.78355157547702
-27.419724037171363
-28.074895350958023
-28.7502866528392
-29.44720029737083
-30.167025100266383
-30.911241743887807
-31.681428269360886
-32.47926555638286
-33.30654266590327
-34.165161891648815
-35.05714333365522
-35.98462876985884
-36.949884558813345
-37.9553032547544
-39.00340355052543
-40.096828076676694
-41.23833846547
-42.43080692077145
-43.677203292555724
-44.98057628483825
-46.344026812591316
-47.77067043256873
-49.263583812011746
-50.82572688941142
-52.45982747008547
-54.16820898573014
-55.952536686055325
-57.813455293810996
-59.7500952875843
-61.75943888459621
-63.835564413632504
-65.96883293943846
-68.14514393940212
-70.345457190707
-72.5458278037202
-74.71818599876455
-76.83197129557004
-78.85650186770809
-80.76369572834716
-82.53058792119671
-84.1411116508779
-85.58683242955163
-86.86663331723689
-87.98560398874817
-88.9535017975694
-89.78313159317126
-90.48888987341813
-91.08560067533162
-91.58767503988136
-92.00856604302193
-92.36046348728922
-92.65416630976237
-92.89907672620404
-93.1032709805378
-93.27361308677143
-93.41588808991055
-93.53493942763438
-93.63480094724196
-93.71881832953034
-93.7897574826739
-93.84989926123207
-93.90112094075515
-93.94496546908636
-93.98269979049037
-94.01536361683074
-94.04380998180079
-94.0687388128185
-94.09072462456568
-94.11023929911848
-94.12767078235423
-94.14333840134604
-94.15750539577803
-94.17038915885907
-94.18216959939005
-94.19299596547579
-94.20299241052217
-94.21226253216683
-94.22089307327862
-94.22895693982744
-94.23651566214018
-94.24362140281218
-94.25031859549024
-94.25664528314553
-94.26263421171845
-94.26831372461403
-94.27370849505193
-94.2788401263706
-94.28372764476126
-94.28838790433451
-94.29283592070382
-94.2970851462448
-94.30114769773135
-94.30503454505535
-94.30875566810823
-94.31232018759059
-94.3157364744408
-94.3190122417048
-94.3221546219622
-94.32517023284905
-94.32806523274962
-94.33084536835277
-94.33351601545583
-94.33608221415
-94.33854869931757
-94.34091992720163
-94.3432000986762
-94.34539317973392
-94.34750291961484
-94.3495328669317
-94.35148638408067
-94.35336666018277
-94.35517672275626
-94.35691944829044
-94.35859757186186
-94.36021369591285
-94.36177029829274
-94.36326973964762
-94.36471427023172
-94.36610603620218
-94.36744708545085
-94.36873937302079
-94.36998476614544
-94.37118504894651
-94.372341926822
-94.37345703054956
-94.37453192013015
-94.37556808839322
-94.37656696438182
-94.37752991653406
-94.37845825567751
-94.3793532378486
-94.38021606695038
-94.38104789725976
-94.38184983579477
-94.38262294454947
-94.38336824260821
-94.38408670814431
-94.38477928031084
-94.38544686103295
-94.38609031670399
-94.38671047979346
-94.3873081503722
-94.3878840975582
-94.38843906088992
-94.38897375162901
-94.38948885399851
-94.38998502635823
-94.39046290232342
-94.39092309182641
-94.39136618212828
-94.39179273878007
-94.39220330653868
-94.39259841023767
-94.3929785556179
-94.3933442301176
-94.3936959036262
-94.39403402920242
-94.3943590437595
-94.39467136871767
-94.39497141062779
-94.39525956176605
-94.39553620070176
-94.39580169283889
-94.39605639093442
-94.3963006355929
-94.39653475573871
-94.39675906906818
-94.39697388248152
-94.3971794924957
-94.39737618563984
-94.39756423883343
-94.39774391974784
-94.39791548715307
-94.39807919124911
-94.3982352739843
-94.3983839693588
-94.39852550371658
-94.39866009602524
-94.39878795814342
-94.39890929507848
-94.39902430523205
-94.39913318063695
-94.39923610718387
-94.39933326483907
-94.39942482785355
-94.39951096496345
-94.399591839583
-94.3996676099892
-94.39973842950012
-94.39980444664585
-94.39986580533237
-94.39992264499962
-94.39997510077397
-94.40002330361307
-94.40006738044777
-94.40010745431618
-94.40014364449449
-94.40017606662205
-94.40020483282154
-94.40023005181575
-94.40025182903905
-94.40027026674473
-94.4002854641093
-94.40029751733283
-94.40030651973433
-94.40031256184545
-94.40031573149992
-94.4003161139195
-94.4003137917982
-94.40030884538197
-94.40030135254618
-94.40029138887103
-94.40027902771334
-94.40026434027645
-94.40024739567744
-94.40022826101243
-94.40020700141882
-94.40018368013656
-94.40015835856646
-94.4001310963263
-94.40010195130664
-94.40007097972286
-94.40003823616617
-94.4000037736534
-94.39996764367504
-94.3999298962406
-94.39989057992413
-93.99984974190683
44.67372950752993
45.28906413508823
35.059479959323546
24.413749405687465
14.934013692709897
7.124224262332472
1.0343057531864244
-3.495271589588884
-6.708622140249155
-8.874790402365178
-10.247870948971215
-11.04237413388004
-11.426113036294812
-11.524200955781778
-11.427141579118244
-11.199112119597713
-10.884972456171656
-10.515719133479136
-10.112548977774651
-9.689812339769587
-9.257125993959177
-8.820868218864721
-8.385227282110138
-7.952930537316966
-7.525746818671198
-7.104828904412125
-6.690943817152914
-6.284624975361458
-5.886270330622006
-5.496203558840528
-5.1147103317489595
-4.7420581030318845
-4.378505286779009
-4.024303888053945
-3.6796983545170385
-3.344922503569807
-3.020195734184245
-2.7057192800889487
-2.401672946818217
-2.1082125602731385
-1.8254682108309563
-1.5535432843774255
-1.2925142151738427
-1.0424308644315534
-0.8033174149598017
-0.5751736704966425
-0.3579766541079283
-0.15168241029345467
0.04377207200383961
0.22846688494540016
0.40249723224786155
0.5659715086498023
0.7190094615279906
0.8617404582515302
0.994301874792725
1.1168376144690904
1.2294967603635658
1.3324323608191766
1.4258003442757807
1.5097585574546568
1.5844659193531867
1.6500816825511662
1.706764792831624
1.754673337978068
1.7939640767383143
1.8247920392692742
1.8473101908371932
1.8616691510964576
1.868016961869432
1.8664988969715655
1.8572573082483246
1.8404315025982432
1.8161576453381714
1.7845686858159193
1.7457943016872353
1.6999608587465165
1.6471913836330903
1.5876055471280157
1.5213196561113835
1.448446652569119
1.3690961183233121
1.2833742844135887
1.1913840442814811
1.093224970107371
0.9889933318227357
0.8787821184714374
0.7626810617243668
0.6407766614641985
0.5131522134526314
0.3798878391732079
0.2410605180098554
0.09674412197599817
-0.05299054674732349
-0.20807571517249587
-0.36844659544959274
-0.5340413370622111
-0.7048009749355302
-0.8806693731167805
-1.0615931636949383
-1.2475216806397842
-1.4384068882605638
-1.634203304011427
-1.8348679154048317
-2.0403600908359047
-2.2506414841709024
-2.4656759330126383
-2.6854293506262845
-2.909869611592097
-3.138966431349338
-3.3726912399104316
-3.6110170501592305
-3.8539183213051866
-4.101370818250098
-4.353351467840028
-4.609838213225892
-4.870809867846829
-5.1362459708846595
-5.40612664641916
-5.680432468945526
-5.959144338397679
-6.242243368353341
-6.5297107916741055
-6.821527888447544
-7.117675941734442
-7.41813622726234
-7.722890043818924
-8.031918791650456
-8.345204106617286
-8.662728058152327
-8.984473419152152
-9.310424015748586
-9.640565164406443
-9.974884202922803
-10.313371120635429
-10.656019291469551
-11.002826311384307
-11.353794939372035
-11.708934138504112
-12.06826021072969
-12.431798016370243
-12.799582266689466
-13.17165887573507
-13.548086356020507
-13.92893724168852
-14.314299522681532
-14.704278074190148
-15.098996067255102
-15.498596348792615
-15.903242782379225
-16.313121544705893
-16.728442376505775
-17.149439790775233
-17.57637424505899
-18.009533288288328
-18.44923269601914
-18.895817610819442
-19.349663706955994
-19.81117840041056
-20.280802126635948
-20.75900970937751
-21.246311844384483
-21.743256721971218
-22.25043181219905
-22.768465835966907
-23.298030944527376
-23.83984512886025
-24.394674878889624
-24.9633381106292
-25.546707376862944
-26.145713373745732
-26.761348751540158
-27.394672232348952
-28.046813030882696
-28.71897556572419
-29.412444437901424
-30.128589640556694
-30.86887194782102
-31.634848412434106
-32.42817788000808
-33.25062640297243
-34.104072408984905
-34.99051144660101
-35.912060294498964
-36.87096017795939
-37.869578784688564
-38.910410706620944
-39.996075847774485
-41.12931522026568
-42.31298338650204
-43.550036571216765
-44.84351511426301
-46.19651835886622
-47.612169054901386
-49.09356253215431
-50.64369279222627
-52.265342981486434
-53.96092181898401
-55.73222194912647
-57.58007340253764
-59.50386844995672
-61.5009464595298
-63.56585277778888
-65.68952814025323
-67.85854573912123
-70.05458342376085
-72.25437330644992
-74.4303674994738
-76.55225310951722
-78.5892335133204
-80.51272754321371
-82.29894578865539
-83.93079679208334
-85.39877362608632
-86.70077614498607
-87.8410928201955
-88.82890237188234
-89.67665049721744
-90.3985632091769
-91.00943978479293
-91.52376850184946
-91.95514358190002
-92.31592996867677
-92.6171140896604
-92.86828348975868
-93.07768866266905
-93.25235195819153
-93.39819881620556
-93.5201949194435
-93.62247909731684
-93.70848623075234
-93.78105738820487
-93.84253633771347
-93.89485274069185
-93.93959298121949
-93.97805989683528
-94.01132277800659
-94.04025897877213
-94.06558838691936
-94.08790187469515
-94.1076847128338
-94.12533579481472
-94.14118339193637
-94.15549804640024
-94.16850311026379
-94.18038335255896
-94.19129198412342
-94.20135638841127
-94.21068279532085
-94.21936009248967
-94.22746293327128
-94.23505427154913
-94.24218742966384
-94.24890778613597
-94.25525415383223
-94.2612599061147
-94.26695389781541
-94.27236121915026
-94.27750381357984
-94.28240098483602
-94.28706981362143
-94.29152550066085
-94.29578164966483
-94.29985050123499
-94.30374312668386
-94.3074695890677
-94.3110390773729
-94.31446001869227
-94.31774017233126
-94.32088670905307
-94.32390627808242
-94.32680506400374
-94.32958883529824
-94.3322629859472
-94.33483257126883
-94.33730233894528
-94.33967675602568
-94.34196003254873
-94.34415614231752
-94.34626884126452
-94.34830168376756
-94.35025803721841
-94.35214109509205
-94.35395388872544
-94.35569929797641
-94.35738006091151
-94.35899878264289
-94.36055794341738
-94.3620599060465
-94.36350692275022
-94.3649011414793
-94.36624461176993
-94.36753929017924
-94.36878704533987
-94.369989662672
-94.37114884878193
-94.37226623557555
-94.37334338411009
-94.3743817882062
-94.37538287783865
-94.37634802232402
-94.37727853331867
-94.37817566764245
-94.37904062994018
-94.3798745751918
-94.38067861108196
-94.38145380023832
-94.38220116234727
-94.3829216761544
-94.38361628135839
-94.38428588040378
-94.3849313401784
-94.38555349362417
-94.386153141262
-94.38673105263992
-94.38728796770681
-94.38782459811672
-94.38834162846723
-94.38883971747684
-94.38931949910311
-94.38978158360658
-94.39022655856184
-94.39065498982069
-94.39106742242743
-94.39146438149122
-94.39184637301683
-94.39221388469547
-94.39256738665942
-94.39290733219997
-94.39323415845305
-94.39354828705315
-94.3938501247567
-94.39414006403707
-94.39441848365279
-94.39468574918983
-94.39494221357994
-94.39518821759562
-94.39542409032252
-94.39565014961221
-94.39586670251408
-94.39607404568895
-94.39627246580395
-94.39646223991146
-94.39664363581093
-94.39681691239545
-94.39698231998428
-94.39714010063967
-94.3972904884723
-94.3974337099325
-94.39756998409038
-94.39769952290347
-94.39782253147452
-94.39793920829717
-94.39804974549314
-94.39815432903909
-94.39825313898417
-94.39834634965936
-94.39843412987815
-94.39851664312962
-94.39859404776325
-94.39866649716704
-94.39873413993851
-94.39879712004941
-94.39885557700316
-94.39890964598706
-94.3989594580187
-94.39900514008636
-94.3990468152838
-94.3990846029414
-94.39911861875102
-94.39914897488603
-94.39917578011853
-94.39919913993069
-94.39921915662234
-94.39923592941516
-94.39924955455271
-94.39926012539661
-94.3992677325198
-94.39927246379595
-94.39927440448623
-94.39927363732207
-94.39927024258634
-94.39926429819039
-94.39925587974915
-94.39924506065351
-94.39923191213964
-94.39921650335683
-94.39919890143257
-94.39917917153456
-94.39915737693258
-94.39913357905603
-94.39910783755114
-94.39908021033587
-94.39905075365209
-94.39901952211746
-94.39898656877422
-94.39895194513758
-94.39891570124144
-94.39887788568315
-94.39883854566726
-93.99879772704679
44.678209577118245
45.28853335061873
35.0560728208258
24.408848713281284
14.928967055120875
7.119719170067742
1.029883318132419
-3.501179696266796
-6.71805345622508
-8.889501925048965
-10.269005156665829
-11.070533578865193
-11.461566011298462
-11.567049720753943
-11.47742033852435
-11.25683324364065
-10.950143709241543
-10.588347082574897
-10.192636793135408
-9.777355930195116
-9.352110183234746
-8.923263604288502
-8.494987947204717
-8.069992602859713
-7.650027751416927
-7.236227487342978
-6.82934068624623
-6.429883632688442
-6.0382385478023854
-5.654715087862468
-5.279586842605509
-4.913111270464388
-4.555538952404209
-4.207116229701087
-3.868084001789685
-3.538674547268354
-3.219107586879258
-2.9095863553183525
-2.6102941345661095
-2.321391486088769
-2.043014274762112
-1.7752724835313238
-1.5182497600046458
-1.2720036037198488
-1.0365660879226803
-0.8119450066469045
-0.5981253425178883
-0.3950709599927312
-0.20272644053525382
-0.02101898898543882
0.15013964691220677
0.3108512898768672
0.461229514556682
0.6013979227647449
0.7314885300284751
0.8516402742300034
0.9619976516285055
1.0627094812221687
1.1539277950865974
1.2358068498721742
1.3085022529144055
1.3721701952778003
1.4269667833978468
1.4730474607043946
1.510566510615357
1.5396766325081732
1.5605285826475388
1.5732708725221676
1.5780495175821256
1.575007829941221
1.564286249192989
1.5460222060670286
1.5203500142123614
1.4874007859278322
1.4473023681607418
1.4001792955608656
1.3461527578062862
1.2853405788098842
1.217857205771712
1.1438137063642173
1.0633177726260519
0.9764737303982421
0.8833825533657604
0.784141880970322
0.6788460396385864
0.5675860669260266
0.4504497383123532
0.32752159650146534
0.19888298317911626
0.0646120732662726
-0.07521608822291026
-0.2205295465513766
-0.37125939464392455
-0.5273397272364632
-0.6887075915133621
-0.8553029339389506
-1.0270685429800042
-1.2039499874147728
-1.3858955499303383
-1.5728561557237803
-1.7647852958437735
-1.9616389450380445
-2.1633754739090767
-2.369955555226149
-2.5813420642973086
-2.797499973371219
-3.0183962401179056
-3.2439996903307162
-3.47428089510194
-3.7092120428540585
-3.9487668067604536
-4.192920208267276
-4.4416484776356135
-4.694928912663956
-4.952739737029886
-5.215059960009893
-5.481869239701588
-5.753147752285067
-6.028876070321717
-6.30903505359749
-6.593605756570119
-6.882569357068044
-7.175907111500002
-7.4736003424501405
-7.775630465128678
-8.081979059690092
-8.3926279968804
-8.707559624784954
-9.026757024567607
-9.35020434296691
-9.677887208891743
-10.009793240693462
-10.34591264954726
-10.686238942842085
-11.030769729562547
-11.379507627393593
-11.732461268761819
-12.089646400359012
-12.451087068011226
-12.816816876225557
-13.186880309538031
-13.561334101071239
-13.94024863263777
-14.32370935041054
-14.711818180690209
-15.104694931644369
-15.502478669025137
-15.905329056690935
-16.313427656118165
-16.7269791828149
-17.14621272145087
-17.571382905412452
-18.002771070207956
-18.440686393552777
-18.885467037951692
-19.337481314106604
-19.797128885487187
-20.264842035914704
-20.741087023055258
-21.22636554134197
-21.72121631809277
-22.226216866506732
-22.741985418836055
-23.269183062354347
-23.808516099762265
-24.36073865434223
-24.92665553841854
-25.50712540138552
-26.10306417057908
-26.71544879440087
-27.34532129212799
-27.99379310849881
-28.66204976316744
-29.351355775166606
-30.063059830308237
-30.79860014469645
-31.55950995997766
-32.34742308539113
-33.16407937791994
-34.01133002465126
-34.891142460435866
-35.80560471829204
-36.75692896816261
-37.7474539488034
-38.77964593317516
-39.85609778287883
-40.979525532269555
-42.15276178431814
-43.37874497634269
-44.66050324190735
-46.001131062718784
-47.40375597782892
-48.87149095392838
-50.407365158500056
-52.0142214698765
-53.69456334106614
-55.45032789068351
-57.282558684693214
-59.19095357452252
-61.17327342812317
-63.224620385832445
-65.33663349010871
-67.49670711976259
-69.68740740087344
-71.88632170851908
-74.06658627332928
-76.19825122342921
-78.25044368500981
-80.1940257641302
-82.00423016443114
-83.66271284793721
-85.15862813666962
-86.4886273478321
-87.65596544148865
-88.66906223124813
-89.53988178987306
-90.28241082420796
-90.91139899465477
-91.44141943712994
-91.88623677398515
-92.25843299358975
-92.56922978409989
-92.8284489296363
-93.04456218471282
-93.22479358397919
-93.37524778921505
-93.5010467748044
-93.60646373552281
-93.69504780421627
-93.76973636783872
-93.83295384620553
-93.88669707150481
-93.93260813079378
-93.97203589541733
-94.0060875932965
-94.03567177354532
-94.06153392859729
-94.08428591619764
-94.10443018666831
-94.12237968433972
-94.13847416404028
-94.15299354800474
-94.16616884694736
-94.17819108127426
-94.18921856361563
-94.19938284074996
-94.208793540167
-94.21754232255482
-94.22570610508662
-94.23334969034713
-94.24052791102554
-94.24728738022733
-94.2536679206517
-94.25970373230595
-94.26542434733656
-94.27085541152012
-94.27601932458144
-94.2809357655074
-94.2856221241394
-94.29009385635062
-94.29436477688539
-94.29844730130964
-94.30235264638276
-94.30609099643003
-94.30967164188118
-94.31310309499447
-94.31639318685693
-94.31954914899138
-94.32257768228898
-94.32548501548166
-94.32827695496867
-94.33095892747323
-94.33353601674351
-94.33601299528807
-94.3383943519594
-94.34068431605557
-94.34288687848942
-94.34500581047702
-94.34704468012403
-94.34900686721588
-94.35089557647282
-94.35271384948229
-94.35446457548665
-94.35615050118012
-94.35777423963523
-94.35933827846931
-94.3608449873395
-94.36229662484219
-94.36369534488274
-94.36504320257137
-94.36634215969295
-94.36759408979364
-94.36880078291881
-94.36996395003582
-94.37108522716737
-94.3721661792627
-94.37320830382521
-94.37421303431913
-94.37518174336883
-94.37611574576995
-94.37701630132372
-94.37788461750831
-94.37872185199805
-94.37952911504138
-94.38030747170664
-94.38105794400511
-94.38178151289816
-94.38247912019709
-94.38315167036107
-94.3838000322009
-94.38442504049353
-94.38502749751267
-94.38560817448052
-94.38616781294591
-94.38670712609212
-94.38722679997916
-94.38772749472417
-94.38820984562317
-94.38867446421754
-94.38912193930825
-94.38955283792112
-94.38996770622532
-94.39036707040798
-94.39075143750638
-94.39112129620233
-94.39147711757718
-94.39181935583302
-94.39214844897957
-94.39246481948969
-94.39276887492451
-94.3930610085299
-94.39334159980658
-94.3936110150533
-94.39386960788644
-94.39411771973637
-94.39435568032155
-94.3945838081015
-94.3948024107106
-94.39501178537205
-94.39521221929435
-94.39540399005058
-94.39558736594154
-94.39576260634323
-94.39592996203928
-94.3960896755397
-94.39624198138631
-94.39638710644518
-94.39652527018659
-94.3966566849545
-94.39678155622352
-94.39690008284626
-94.39701245729086
-94.39711886586767
-94.39721948894842
-94.39731450117498
-94.39740407166133
-94.39748836418615
-94.39756753737917
-94.39764174489859
-94.39771113560342
-94.39777585371772
-94.39783603898886
-94.39789182684007
-94.3979433485168
-94.39799073122741
-94.39803409827951
-94.39807356920944
-94.39810925990828
-94.39814128274269
-94.39816974667156
-94.39819475735777
-94.3982164172763
-94.39823482581838
-94.39825007939162
-94.39826227151669
-94.39827149292034
-94.39827783162565
-94.3982813730383
-94.39828220002994
-94.3982803930193
-94.39827603004923
-94.39826918686249
-94.39825993697363
-94.39824835173911
-94.39823450042465
-94.3982184502704
-94.39820026655424
-94.39818001265206
-94.39815775009653
-94.39813353863423
-94.39810743628028
-94.39807949937114
-94.39804978261584
-94.3980183391461
-94.39798522056347
-94.39795047698581
-94.3979141570925
-94.39787630816718
-94.39783697613984
-93.99779620562754
