4.065642713933218630e-13
3.440534290861434245e-13
2.911538725728296282e-13
2.463878291790551728e-13
2.085047395424062499e-13
1.764463226795554433e-13
1.493170124356019708e-13
1.263589394446224779e-13
1.069307597113559152e-13
9.048973838102130443e-14
4.000000000076576849e-03
2.190721313280037941e-01
5.859811405662029848e-01
8.312781989901126822e-01
9.161002333551273580e-01
9.286056173192348551e-01
9.297321926815556026e-01
9.294285297730475737e-01
9.289449276556495105e-01
9.284353345865328233e-01
9.279189261597775573e-01
9.273981037883731737e-01
9.268731452215509536e-01
9.263440543110412762e-01
9.258107986327185346e-01
9.252733405377689957e-01
9.247316412751185322e-01
9.241856615426813359e-01
9.236353615567818309e-01
9.230807010553422343e-01
9.225216392916931740e-01
9.219581350269123732e-01
9.213901465218053977e-01
9.208176315286847879e-01
9.202405472829697786e-01
9.196588504945975018e-01
9.190724973392515595e-01
9.184814434493940860e-01
9.178856439051005234e-01
9.172850532246908939e-01
9.166796253551519058e-01
9.160693136623438981e-01
9.154540709209852967e-01
9.148338493044111397e-01
9.142086003740981237e-01
9.135782750689468434e-01
9.129428236943202268e-01
9.123021959108241763e-01
9.116563407228289728e-01
9.110052064667192306e-01
9.103487407988702929e-01
9.096868906833336377e-01
9.090196023792358471e-01
9.083468214278679342e-01
9.076684926394688047e-01
9.069845600796850871e-01
9.062949670557023385e-01
9.055996561020348556e-01
9.048985689659658771e-01
9.041916465926245206e-01
9.034788291096929047e-01
9.027600558117271357e-01
9.020352651440832759e-01
9.013043946864354172e-01
9.005673811358708702e-01
8.998241602895532543e-01
8.990746670269366136e-01
8.983188352915143504e-01
8.975565980720946468e-01
8.967878873835809506e-01
8.960126342472423122e-01
8.952307686704608081e-01
8.944422196259329549e-01
8.936469150303134601e-01
8.928447817222763261e-01
8.920357454399786556e-01
8.912197307979048411e-01
8.903966612630694888e-01
8.895664591305609825e-01
8.887290454983959309e-01
8.878843402416687347e-01
8.870322619859676294e-01
8.861727280800292261e-01
8.853056545676110112e-01
8.844309561585486090e-01
8.835485461989701639e-01
8.826583366406423048e-01
8.817602380094069492e-01
8.808541593726836316e-01
8.799400083060033850e-01
8.790176908585315418e-01
8.780871115175503672e-01
8.771481731718570041e-01
8.762007770740384283e-01
8.752448228015816678e-01
8.742802082167725475e-01
8.733068294253392150e-01
8.723245807337920432e-01
8.713333546054058409e-01
8.703330416147970761e-01
8.693235304010354936e-01
8.683047076192372815e-01
8.672764578905729493e-01
8.662386637506349629e-01
8.651912055960908621e-01
8.641339616295558024e-01
8.630668078026132450e-01
8.619896177569045248e-01
8.609022627632072489e-01
8.598046116584237009e-01
8.586965307803817726e-01
8.575778839003651566e-01
8.564485321532717688e-01
8.553083339652959305e-01
8.541571449790340553e-01
8.529948179758931603e-01
8.518212027956901800e-01
8.506361462533152951e-01
8.494394920523287151e-01
8.482310806953500260e-01
8.470107493911026575e-01
8.457783319579533776e-01
8.445336587237881609e-01
8.432765564220556787e-01
8.420068480838006630e-01
8.407243529254959657e-01
8.394288862324765788e-01
8.381202592377618998e-01
8.367982789960509704e-01
8.354627482526476578e-01
8.341134653070807481e-01
8.327502238711399496e-01
8.313728129210681272e-01
8.299810165436057874e-01
8.285746137755827245e-01
8.271533784367250952e-01
8.257170789553323065e-01
8.242654781864549030e-01
8.227983332221824320e-01
8.213153951936225106e-01
8.198164090641371082e-01
8.183011134133622022e-01
8.167692402115191985e-01
8.152205145834857669e-01
8.136546545620663151e-01
8.120713708298646916e-01
8.104703664491228476e-01
8.088513365788480014e-01
8.072139681785059917e-01
8.055579396975117712e-01
8.038829207496971385e-01
8.021885717718792996e-01
8.004745436655927859e-01
7.987404774209906355e-01
7.969860037218405857e-01
7.952107425304819621e-01
7.934143026515131369e-01
7.915962812729052667e-01
7.897562634831432060e-01
7.878938217628835838e-01
7.860085154495254356e-01
7.840998901729641091e-01
7.821674772606652670e-01
7.802107931100717986e-01
7.782293385261945806e-01
7.762225980220814892e-01
7.741900390796842002e-01
7.721311113684450333e-01
7.700452459187234755e-01
7.679318542469598663e-01
7.657903274292160445e-01
7.636200351194761815e-01
7.614203245088053684e-01
7.591905192211223508e-01
7.569299181410297228e-01
7.546377941687418822e-01
7.523133928967535855e-01
7.499559312024417501e-01
7.475645957502931038e-01
7.451385413969284777e-01
7.426768894914939079e-01
7.401787260633551080e-01
7.376430998883284351e-01
7.350690204239048731e-01
7.324554556030874464e-01
7.298013294755326674e-01
7.271055196836720969e-01
7.243668547603810959e-01
7.215841112335377172e-01
7.187560105214723105e-01
7.158812156018408146e-01
7.129583274348427757e-01
7.099858811199258879e-01
7.069623417631818452e-01
7.038861000304977855e-01
7.007554673591981365e-01
6.975686707983391743e-01
6.943238474450185160e-01
6.910190384409873321e-01
6.876521824905009739e-01
6.842211088566951815e-01
6.807235297897784587e-01
6.771570323360286414e-01
6.735190694719003224e-01
6.698069505025168180e-01
6.660178306584170205e-01
6.621486998186787432e-01
6.581963702824499274e-01
6.541574635045470654e-01
6.500283957042022331e-01
6.458053622493592494e-01
6.414843207122868929e-01
6.370609724859570555e-01
6.325307428449084002e-01
6.278887593296293979e-01
6.231298283304458341e-01
6.182484097462330741e-01
6.132385895960736910e-01
6.080940504695580007e-01
6.028080397156232451e-01
5.973733352929130325e-01
5.917822092396867184e-01
5.860263887721813836e-01
5.800970150920476964e-01
5.739846000824470051e-01
5.676789812067436491e-01
5.611692751037256066e-01
5.544438306118513182e-01
5.474901822680987573e-01
5.402950057343675061e-01
5.328440771298180723e-01
5.251222389195535634e-01
5.171133758616787146e-01
5.088004055832633377e-01
5.001652896809996030e-01
4.911890728637631764e-01
4.818519596052124876e-01
4.721334400726822644e-01
4.620124797312500364e-01
4.514677899234377234e-01
4.404781997454264020e-01
4.290231524018800480e-01
4.170833514627417804e-01
4.046415833597891143e-01
3.916837410326519664e-01
3.782000684973386706e-01
3.641866355634025831e-01
3.496470340577698122e-01
3.345942599139289930e-01
3.190527082169444251e-01
3.030601611702298803e-01
2.866695950687294103e-01
2.699505786760832415e-01
2.529899934151015883e-01
2.358917910426890918e-01
2.187755340642281443e-01
2.017735516806006268e-01
1.850266929772629854e-01
1.686788561543156595e-01
1.528706853953568645e-01
1.377330082202449790e-01
1.233806862376839453e-01
1.099075361823312613e-01
9.738704503779277433e-02
8.598659304544074844e-02
7.570663796099665055e-02
6.646441576609764257e-02
5.818302491980142238e-02
5.078951131880345832e-02
4.421373681062051170e-02
3.838784900280513279e-02
3.324618231366101295e-02
2.872543808750716715e-02
2.476501512765538759e-02
2.130738919879970189e-02
1.829846811347651120e-02
1.568787525398385868e-02
1.342913679824163202e-02
1.147976544244828576e-02
9.801245836092133124e-03
8.358934704811962421e-03
7.121892554493768936e-03
6.062664888862876258e-03
5.157029962789603725e-03
4.383728028030702689e-03
3.724184420769055624e-03
3.162236123936521329e-03
2.683868887494712113e-03
2.276969758634446277e-03
1.931098024261404316e-03
1.637276104441614871e-03
1.387800827102785364e-03
1.176074713138429212e-03
9.964563532201299589e-04
8.441286105279680041e-04
7.149831900000351093e-04
6.055200343513958763e-04
5.127600071682706599e-04
4.341693779115730033e-04
3.675947128008027077e-04
3.112068845094766363e-04
2.634530317038953412e-04
2.230154192334004009e-04
1.887762662287646839e-04
1.597877193200391275e-04
1.352462498200320646e-04
1.144708461605848168e-04
9.688445589831089959e-05
8.199820544231526949e-05
6.939799079013656642e-05
4.058733089638795651e-03
2.034661759056750063e-01
4.480964168085159183e-01
5.382186923466873996e-01
6.381432269729074847e-01
7.281646896769327082e-01
7.911440805822645972e-01
8.263004481635776166e-01
8.430117786352997467e-01
8.500436857788261635e-01
8.525313787562193157e-01
8.529800532159834692e-01
8.525246193249548243e-01
8.516654523100811724e-01
8.506216440214179331e-01
8.494892761743335630e-01
8.483106828627852147e-01
8.471046058891456010e-01
8.458793587221752341e-01
8.446386076920899821e-01
8.433839298699888909e-01
8.421159539235336666e-01
8.408348731639111451e-01
8.395406781696902465e-01
8.382332631124295164e-01
8.369124747238804174e-01
8.355781349956489246e-01
8.342300517483421940e-01
8.328680235509876573e-01
8.314918419858540188e-01
8.301012926540349834e-01
8.286961555769739585e-01
8.272762053039490748e-01
8.258412108732516854e-01
8.243909356979235437e-01
8.229251374101773653e-01
8.214435676809556108e-01
8.199459720224848702e-01
8.184320895774839233e-01
8.169016528965846735e-01
8.153543877044747701e-01
8.137900126547346069e-01
8.122082390730365198e-01
8.106087706882156851e-01
8.089913033506106466e-01
8.073555247369895715e-01
8.057011140413229411e-01
8.040277416505907659e-01
8.023350688047603541e-01
8.006227472400130329e-01
7.988904188142192941e-01
7.971377151136075367e-01
7.953642570394920952e-01
7.935696543738398612e-01
7.917535053223804242e-01
7.899153960338652913e-01
7.880549000939810478e-01
7.861715779923176273e-01
7.842649765606658496e-01
7.823346283808133572e-01
7.803800511598383283e-01
7.784007470707854370e-01
7.763962020564233457e-01
7.743658850936167015e-01
7.723092474156629805e-01
7.702257216897198111e-01
7.681147211462489022e-01
7.659756386571340281e-01
7.638078457588844961e-01
7.616106916170396479e-01
7.593835019275680942e-01
7.571255777507318596e-01
7.548361942724882701e-01
7.525145994881127232e-01
7.501600128022676284e-01
7.477716235392681821e-01
7.453485893567471932e-01
7.428900345553530737e-01
7.403950482764738439e-01
7.378626825792752308e-01
7.352919503875909868e-01
7.326818232963491218e-01
7.300312292263173575e-01
7.273390499149285926e-01
7.246041182298563754e-01
7.218252152907919106e-01
7.190010673835419697e-01
7.161303426491181234e-01
7.132116475288754476e-01
7.102435229450060339e-01
7.072244401937674008e-01
7.041527965266982658e-01
7.010269103927668777e-01
6.978450163118481431e-01
6.946052593471343517e-01
6.913056891410531701e-01
6.879442534759206973e-01
6.845187913169434868e-01
6.810270252912222766e-01
6.774665535521265936e-01
6.738348409737591194e-01
6.701292096152368094e-01
6.663468283891367250e-01
6.624847018627344486e-01
6.585396581146011341e-01
6.545083355627819843e-01
6.503871686742036529e-01
6.461723724582860706e-01
6.418599256410921772e-01
6.374455524099872372e-01
6.329247026129886100e-01
6.282925302921844590e-01
6.235438704273903454e-01
6.186732137653031538e-01
6.136746796118601743e-01
6.085419864726273609e-01
6.032684204395694083e-01
5.978468012447827329e-01
5.922694459356444563e-01
5.865281301751643639e-01
5.806140472410231679e-01
5.745177648931164560e-01
5.682291804103390964e-01
5.617374742729832615e-01
5.550310632000251543e-01
5.480975535565763002e-01
5.409236965451220680e-01
5.334953471084273868e-01
5.257974291301510394e-01
5.178139103539857180e-01
5.095277914904379202e-01
5.009211152819522672e-01
4.919750028915810813e-01
4.826697269019863956e-01
4.729848324797670811e-01
4.628993208655747260e-01
4.523919122333890930e-01
4.414414079812770675e-01
4.300271754059625806e-01
4.181297800319596636e-01
4.057317919297117603e-01
3.928187911791585774e-01
3.793805928800196292e-01
3.654127021021186805e-01
3.509179920062765468e-01
3.359085722117153283e-01
3.204077781139197389e-01
3.044521655048554321e-01
2.880933413358784945e-01
2.713994073736461510e-01
2.544557499407537060e-01
2.373648911746230605e-01
2.202451423822693322e-01
2.032278822934283358e-01
1.864534269002022793e-01
1.700656515263946622e-01
1.542057389282699975e-01
1.390056132175727932e-01
1.245817281501461204e-01
1.110298729841688453e-01
9.842295571006529076e-02
8.692319948987121958e-02
7.655104781504321054e-02
6.722318934674331725e-02
5.886237081010007449e-02
5.139540725206021010e-02
4.475199165925308753e-02
3.886412097061883730e-02
3.366596726433219305e-02
2.909404020640637967e-02
2.508750991905337596e-02
2.158858639733100826e-02
1.854287969583013479e-02
1.589969159132948243e-02
1.361221223252705517e-02
1.163761325838656366e-02
9.937041724279614338e-03
8.475527312452288062e-03
7.221819517976117708e-03
6.148172751934933081e-03
5.230096528360992161e-03
4.446085908342825230e-03
3.777344793679495143e-03
3.207511941438104686e-03
2.722396997851908498e-03
2.309731586585719431e-03
1.958938601989836364e-03
1.660921360904939930e-03
1.407873128526122277e-03
1.193106707665770802e-03
1.010903212698918653e-03
8.563787866393233203e-04
7.253678143490442350e-04
6.143210959475937580e-04
5.202174385640762327e-04
4.404871751539506282e-04
3.729462058208990374e-04
3.157392647513006289e-04
2.672912334772737145e-04
2.262654410185561092e-04
1.915280083204597996e-04
1.621174049988371535e-04
1.372184887965058071e-04
1.161403914041116863e-04
9.829769813632537241e-05
8.319444356821178673e-05
7.041051109912905485e-05
5.959008216134568996e-05
5.043183114859614054e-05
4.268060585157197281e-05
3.612037098515367538e-05
3.056822497131404158e-05
2.586932814661394562e-05
2.189260458114937832e-05
1.852710025429829568e-05
1.567889790085759326e-05
1.326850383294737207e-05
1.122863482086780902e-05
9.502343995703881930e-06
8.041433991740680286e-06
6.805113414280075709e-06
5.758859402016081708e-06
4.873454727774589397e-06
4.124172697179994289e-06
3.490087190021671084e-06
2.953488653378139221e-06
2.499389792419407916e-06
2.115107193911064853e-06
1.789907226592418404e-06
1.514706349459082891e-06
1.281817472552757834e-06
1.084735296767624343e-06
9.179546447541917262e-07
7.768167142149818144e-07
6.573789631679893689e-07
5.563049956619986918e-07
4.707713742365248788e-07
3.983887576148858863e-07
3.371351618229715828e-07
2.852994812540861842e-07
2.414336925665877079e-07
2.043124066792450117e-07
1.728986392710662457e-07
1.463148438146991948e-07
1.238183981155438886e-07
1.047808596901295386e-07
8.867041056592856400e-08
7.503700115698965803e-08
6.349977825109867696e-08
5.373644593844532373e-08
4.547426229968390119e-08
3.848242035995659857e-08
3.256560048049411695e-08
2.755851408040147849e-08
2.332128627186022988e-08
1.973554842550587313e-08
1.670113151358735711e-08
1.413326786052513718e-08
1.196022313236058856e-08
1.012129241499157393e-08
8.565104401701978168e-09
7.248186317396591416e-09
6.133749490556607603e-09
5.190661647684827811e-09
4.392577221085642053e-09
3.717201374925820479e-09
3.145667189950021798e-09
2.662008608324877580e-09
2.252714415160544684e-09
1.906350797034789099e-09
1.613241933559864223e-09
1.365199699201232533e-09
1.155294924466708146e-09
9.776638265588788282e-10
8.273442020545552935e-10
7.001368055877370115e-10
5.924880420928733913e-10
5.013906955675945412e-10
4.242999211712777987e-10
3.590621538631738720e-10
3.038549476125777878e-10
2.571360645635531942e-10
2.176003919380427474e-10
1.841434831323700147e-10
1.558307045117779236e-10
1.318711260052301821e-10
1.115954261227961935e-10
9.443719416257403366e-11
7.991710727606858021e-11
6.762954037136872926e-11
5.723123479585376468e-11
4.843170925306960647e-11
4.098514507849189942e-11
3.468351918575863088e-11
2.935079284917992597e-11
2.483799398358556399e-11
2.101905554281386011e-11
1.778729378065536921e-11
1.505242799290551258e-11
1.273805848569545408e-11
