4.084377872006986697e-12
3.456388845344411549e-12
2.924955580648534442e-12
2.475232252956809033e-12
2.094655640791947596e-12
1.772594166974218522e-12
1.500050900777531368e-12
1.269412224662248799e-12
1.074235144477995981e-12
9.090673015522414156e-13
4.000000000769295301e-03
2.179156858777535899e-01
5.749023777818575986e-01
8.157536812450166819e-01
9.096816873491989641e-01
9.254188137884036269e-01
9.271352936775589804e-01
9.269125255100015837e-01
9.264252580400412773e-01
9.258983996309521070e-01
9.253624444336117083e-01
9.248215652049427415e-01
9.242763134460553198e-01
9.237267337102051945e-01
9.231727980347450568e-01
9.226144675555034702e-01
9.220517013856357469e-01
9.214844579104473077e-01
9.209126949733503764e-01
9.203363698968980433e-01
9.197554394787540444e-01
9.191698599836590766e-01
9.185795871346079666e-01
9.179845761037361829e-01
9.173847815029883002e-01
9.167801573745750776e-01
9.161706571812159305e-01
9.155562337961622443e-01
9.149368394929935366e-01
9.143124259351794736e-01
9.136829441654051864e-01
9.130483445946500076e-01
9.124085769910091903e-01
9.117635904682619419e-01
9.111133334741652323e-01
9.104577537784758201e-01
9.097967984606842862e-01
9.091304138974624083e-01
9.084585457498051131e-01
9.077811389498637862e-01
9.070981376874606150e-01
9.064094853962757492e-01
9.057151247396945104e-01
9.050149975963035498e-01
9.043090450450315121e-01
9.035972073499172197e-01
9.028794239444954961e-01
9.021556334157885271e-01
9.014257734878934336e-01
9.006897810051476272e-01
8.999475919148646197e-01
8.991991412496236347e-01
8.984443631090963667e-01
8.976831906414016737e-01
8.969155560239683300e-01
8.961413904438931821e-01
8.953606240777732816e-01
8.945731860710023353e-01
8.937790045165043828e-01
8.929780064328954881e-01
8.921701177420459095e-01
8.913552632460295388e-01
8.905333666034336293e-01
8.897043503050139357e-01
8.888681356486630714e-01
8.880246427136810894e-01
8.871737903343120957e-01
8.863154960725275755e-01
8.854496761900302326e-01
8.845762456194488088e-01
8.836951179346940188e-01
8.828062053204475124e-01
8.819094185407552189e-01
8.810046669066854408e-01
8.800918582430231618e-01
8.791708988539665981e-01
8.782416934877816939e-01
8.773041453003825874e-01
8.763581558177969688e-01
8.754036248974703671e-01
8.744404506883696193e-01
8.734685295898375612e-01
8.724877562091498673e-01
8.714980233177290758e-01
8.704992218059542930e-01
8.694912406365227220e-01
8.684739667962960707e-01
8.674472852465761052e-01
8.664110788717471756e-01
8.653652284262188799e-01
8.643096124795978108e-01
8.632441073600207737e-01
8.621685870955666520e-01
8.610829233536770877e-01
8.599869853784929408e-01
8.588806399260269231e-01
8.577637511970739315e-01
8.566361807677704832e-01
8.554977875176918989e-01
8.543484275553934193e-01
8.531879541412736856e-01
8.520162176076461202e-01
8.508330652758974155e-01
8.496383413706007914e-01
8.484318869304475763e-01
8.472135397158538916e-01
8.459831341130898963e-01
8.447405010347772691e-01
8.434854678165764064e-01
8.422178581098960226e-01
8.409374917704360852e-01
8.396441847423603555e-01
8.383377489379004732e-01
8.370179921121637667e-01
8.356847177329150833e-01
8.343377248450917216e-01
8.329768079297837913e-01
8.316017567574117697e-01
8.302123562348102670e-01
8.288083862459091344e-01
8.273896214856870657e-01
8.259558312870539654e-01
8.245067794402973771e-01
8.230422240046989524e-01
8.215619171119253883e-01
8.200656047607373100e-01
8.185530266025717872e-01
8.170239157174937761e-01
8.154779983799992360e-01
8.139149938141169160e-01
8.123346139372044084e-01
8.107365630918295096e-01
8.091205377650456665e-01
8.074862262943633961e-01
8.058333085596445233e-01
8.041614556601160979e-01
8.024703295756331345e-01
8.007595828112625824e-01
7.990288580242097538e-01
7.972777876320185086e-01
7.955059934009269806e-01
7.937130860131625942e-01
7.918986646118878481e-01
7.900623163224058665e-01
7.882036157481474570e-01
7.863221244398395093e-01
7.844173903361523204e-01
7.824889471739860936e-01
7.805363138664261902e-01
7.785589938462516013e-01
7.765564743727148000e-01
7.745282257991406016e-01
7.724737007987032555e-01
7.703923335455368226e-01
7.682835388481094041e-01
7.661467112315492045e-01
7.639812239653511750e-01
7.617864280326037685e-01
7.595616510365619245e-01
7.573061960400491177e-01
7.550193403328094854e-01
7.527003341215192656e-01
7.503483991367205785e-01
7.479627271504621921e-01
7.455424783979081038e-01
7.430867798955843595e-01
7.405947236483089169e-01
7.380653647361643532e-01
7.354977192720915102e-01
7.328907622198860272e-01
7.302434250614288080e-01
7.275545933010173494e-01
7.248231037935449761e-01
7.220477418820843152e-01
7.192272383291108406e-01
7.163602660241444875e-01
7.134454364490140366e-01
7.104812958801883793e-01
7.074663213057142963e-01
7.043989160321910692e-01
7.012774049549200805e-01
6.981000294618320279e-01
6.948649419390319215e-01
6.915701998427847830e-01
6.882137592994502784e-01
6.847934681912716259e-01
6.813070586820026975e-01
6.777521391320976418e-01
6.741261853485629452e-01
6.704265311096055946e-01
6.666503578988746126e-01
6.627946837783802447e-01
6.588563513231603386e-01
6.548320145344215248e-01
6.507181246413371589e-01
6.465109146950065444e-01
6.422063828514291695e-01
6.378002742339584641e-01
6.332880612598402736e-01
6.286649223105539308e-01
6.239257186223032825e-01
6.190649692718792618e-01
6.140768241352655421e-01
6.089550347030244781e-01
6.036929226494658351e-01
5.982833460740237808e-01
5.927186633661017945e-01
5.869906946925694813e-01
5.810906811749787515e-01
5.750092419175067970e-01
5.687363291744762517e-01
5.622611821179397396e-01
5.555722798936606477e-01
5.486572949533319310e-01
5.415030480410942815e-01
5.340954667164906633e-01
5.264195499415748047e-01
5.184593420793455198e-01
5.101979206805485889e-01
5.016174037158851462e-01
4.926989834805066693e-01
4.834229962922785284e-01
4.737690393457951732e-01
4.637161486641541153e-01
4.532430549552087795e-01
4.423285371949151612e-01
4.309518966741200385e-01
4.190935766304006993e-01
4.067359537817442083e-01
3.938643271231382914e-01
3.804681249335395976e-01
3.665423414181321893e-01
3.520891978874662875e-01
3.371199979926565726e-01
3.216571109930860262e-01
3.057359714128383699e-01
2.894069303150892947e-01
2.727367390345489806e-01
2.558094012998780586e-01
2.387261092438725252e-01
2.216039999371063884e-01
2.045735464288814254e-01
1.877745364412979623e-01
1.713507827151773688e-01
1.554439221857535913e-01
1.401868511984026844e-01
1.256974604997321554e-01
1.120733382224402414e-01
9.938808677379765144e-02
8.779477759020468119e-02
7.733606825809750951e-02
6.792804578634291379e-02
5.949305437733342500e-02
5.195763389110262531e-02
4.525127264011304107e-02
3.930579076738158206e-02
3.405518186422031718e-02
2.943575731111057817e-02
2.538646048907416616e-02
2.184924476741828547e-02
1.876943728386792215e-02
1.609603723218412316e-02
1.378192052436139244e-02
1.178394106944045776e-02
1.006293216732173125e-02
8.583620002566240761e-03
7.314465715008296523e-03
6.227453974546564956e-03
5.297845341480509479e-03
4.503907771979408919e-03
3.826640075333731083e-03
3.249497407395898763e-03
2.758126292688206204e-03
2.340114376208677835e-03
1.984758190596570739e-03
1.682850697242783532e-03
1.426489194980439966e-03
1.208903341029209533e-03
1.024302442322065198e-03
8.677407980655105777e-04
7.349996580491154844e-04
6.224842643651045402e-04
5.271344327501494747e-04
4.463471766794376689e-04
3.779099618143940287e-04
3.199432848644611174e-04
2.708513880654641616e-04
2.292800403555174849e-04
1.940804335758318250e-04
1.642783532026698449e-04
1.390478862076225297e-04
1.176890226358418408e-04
9.960859207552560989e-05
8.430405152439832540e-05
7.134970769491917044e-05
6.038501516855240050e-05
5.110464272741473775e-05
4.325004440418777263e-05
3.660231003271824092e-05
3.097610305107196469e-05
2.621452165486023173e-05
2.218474371319423909e-05
1.877433667496914018e-05
1.588813148308236415e-05
1.344557469670702112e-05
1.137848596325927127e-05
9.629159001532599808e-06
8.148753632635037707e-06
6.895934365254198347e-06
5.835717812619184166e-06
4.938496967514048129e-06
4.179215240709584866e-06
3.536667307174371522e-06
2.992907314409500859e-06
2.532747982920730005e-06
2.143336650882458881e-06
1.813796452141005730e-06
1.534922627262020043e-06
1.298925500992137242e-06
1.099212958442373535e-06
9.302063523040655230e-07
7.871847048489686848e-07
6.661528571043504955e-07
5.637298852746727596e-07
4.770546697194459059e-07
4.037059802835109625e-07
3.416348468066328361e-07
2.891073264767362029e-07
2.446560698752524349e-07
2.070393331731066631e-07
1.752062918134515162e-07
1.482676869552803040e-07
1.254709848551438640e-07
1.061793553845883396e-07
8.985388253367498832e-08
7.603851001154061823e-08
6.434730144206872566e-08
5.445365929823169764e-08
4.608120142697487148e-08
3.899604031487504853e-08
3.300024942582145640e-08
2.792633409961921272e-08
2.363255256057809096e-08
1.999895633140661212e-08
1.692403944323660409e-08
1.432190283858300381e-08
1.211985475545822194e-08
1.025638005966151641e-08
8.679421798616685961e-09
7.344926971905024387e-09
6.215615894454897181e-09
5.259940774367212802e-09
4.451204413048886091e-09
3.766814408340370609e-09
3.187652026606661931e-09
2.697538113051395899e-09
2.282781120291936725e-09
1.931794629223699011e-09
1.634773677485594055e-09
1.383420853644732963e-09
1.170714505438577460e-09
9.907125868823293287e-10
8.383866646330641990e-10
7.094814465116073669e-10
6.003959080539763321e-10
5.080826963133695399e-10
4.299630007157657502e-10
3.638545128504851947e-10
3.079104627217513719e-10
2.605680284127856506e-10
2.205046779641313939e-10
1.866012238576506850e-10
1.579105580171145992e-10
1.336311939239707660e-10
1.130848767356972374e-10
9.569763593556474535e-11
8.098375121123752813e-11
6.853218364196018592e-11
5.799509314355281175e-11
4.907812140096187665e-11
4.153216883778650465e-11
3.514643590877950467e-11
2.974253432074394306e-11
2.516950367616724942e-11
2.129959432732056251e-11
1.802469863297893263e-11
1.525333092333303570e-11
1.290807180706964348e-11
1.092340542620255581e-11
9.243889241405777285e-12
7.822605219987976148e-12
6.619849159755001370e-12
5.602021534439382128e-12
4.740688875970105775e-12
4.011789472878566793e-12
3.394961195672058347e-12
2.872972671677317619e-12
2.431241918970134395e-12
2.057428992215454830e-12
1.741091260798169117e-12
4.000000001473391804e-03
2.175669197848321690e-01
5.715815137461964790e-01
8.108061656136299478e-01
9.075140935691623501e-01
9.243650685023261371e-01
9.263003686668025427e-01
9.261105968808598377e-01
9.256236347956829924e-01
9.250915480130291746e-01
9.245494034395480565e-01
9.240021280466936826e-01
9.234503962274429600e-01
9.228942720197601535e-01
9.223337300428597896e-01
9.217687312382147891e-01
9.211992340579782113e-01
9.206251961388461913e-01
9.200465745504320392e-01
9.194633258264712783e-01
9.188754059622662451e-01
9.182827704066595098e-01
9.176853740529650194e-01
9.170831712295575144e-01
9.164761156902269112e-01
9.158641606043128602e-01
9.152472585466147059e-01
9.146253614870722970e-01
9.139984207802112071e-01
9.133663871543433732e-01
9.127292107005202659e-01
9.120868408612290423e-01
9.114392264188223569e-01
9.107863154836783881e-01
9.101280554820808666e-01
9.094643931438094464e-01
9.087952744894362000e-01
9.081206448173150259e-01
9.074404486902555300e-01
9.067546299218757211e-01
9.060631315626203053e-01
9.053658958854330363e-01
9.046628643710789008e-01
9.039539776930973769e-01
9.032391757023816581e-01
9.025183974113690777e-01
9.017915809778340730e-01
9.010586636882630396e-01
9.003195819408080780e-01
8.995742712278022024e-01
8.988226661178179144e-01
8.980647002372620369e-01
8.973003062514841588e-01
8.965294158453908091e-01
8.957519597035424885e-01
8.949678674897190156e-01
8.941770678259386429e-01
8.933794882709076290e-01
8.925750552978842789e-01
8.917636942719380233e-01
8.909453294265810008e-01
8.901198838397544888e-01
8.892872794091413180e-01
8.884474368267928357e-01
8.876002755530298938e-01
8.867457137896118669e-01
8.858836684521296245e-01
8.850140551416108003e-01
8.841367881152976116e-01
8.832517802565744702e-01
8.823589430440121895e-01
8.814581865194991428e-01
8.805494192554199628e-01
8.796325483208585760e-01
8.787074792467760576e-01
8.777741159901342183e-01
8.768323608969250671e-01
8.758821146640578537e-01
8.749232763000719393e-01
8.739557430846208730e-01
8.729794105266842630e-01
8.719941723214598150e-01
8.709999203058830242e-01
8.699965444127182312e-01
8.689839326231725281e-01
8.679619709179616782e-01
8.669305432267806477e-01
8.658895313761034718e-01
8.648388150352487314e-01
8.637782716606421385e-01
8.627077764381999581e-01
8.616272022237545514e-01
8.605364194814454359e-01
8.594352962199840462e-01
8.583236979267067079e-01
8.572014874993240108e-01
8.560685251752609970e-01
8.549246684584924649e-01
8.537697720437569249e-01
8.526036877380417378e-01
8.514262643792132046e-01
8.502373477516705913e-01
8.490367804988855349e-01
8.478244020326906050e-01
8.466000484391678071e-01
8.453635523809814867e-01
8.441147429959939830e-01
8.428534457919878431e-01
8.415794825373158483e-01
8.402926711472841204e-01
8.389928255660690226e-01
8.376797556439522507e-01
8.363532670096454069e-01
8.350131609374721320e-01
8.336592342091471153e-01
8.322912789698940772e-01
8.309090825786143997e-01
8.295124274518085317e-01
8.281010909009367538e-01
8.266748449628842366e-01
8.252334562231703474e-01
8.237766856315342778e-01
8.223042883094924260e-01
8.208160133494443178e-01
8.193116036048807560e-01
8.177907954712146932e-01
8.162533186567285659e-01
8.146988959430994104e-01
8.131272429349251096e-01
8.115380677976483659e-01
8.099310709832210353e-01
8.083059449428233734e-01
8.066623738258968945e-01
8.050000331647051421e-01
8.033185895435867030e-01
8.016177002520012973e-01
7.998970129204148183e-01
7.981561651380021383e-01
7.963947840510738896e-01
7.946124859410613750e-01
7.928088757808077203e-01
7.909835467678274501e-01
7.891360798330984139e-01
7.872660431238500678e-01
7.853729914586966565e-01
7.834564657533457099e-01
7.815159924149811532e-01
7.795510827032734458e-01
7.775612320558275004e-01
7.755459193756926162e-01
7.735046062784027843e-01
7.714367362957950114e-01
7.693417340336573540e-01
7.672190042800168808e-01
7.650679310606296468e-01
7.628878766379582066e-01
7.606781804496206556e-01
7.584381579819784447e-01
7.561670995741591739e-01
7.538642691474385371e-01
7.515289028544710481e-01
7.491602076424014323e-01
7.467573597233815308e-01
7.443195029454680034e-01
7.418457470562660472e-01
7.393351658510225466e-01
7.367867951961596384e-01
7.341996309184262159e-01
7.315726265489853608e-01
7.289046909108091166e-01
7.261946855366887554e-01
7.234414219040302685e-01
7.206436584713505900e-01
7.178000974999906303e-01
7.149093816430652781e-01
7.119700902819845467e-01
7.089807355890677121e-01
7.059397582927590120e-01
7.028455231197534570e-01
6.996963138859337850e-01
6.964903282053709344e-01
6.932256717837584903e-01
6.899003522594714388e-01
6.865122725520109714e-01
6.830592236738116663e-01
6.795388769573094123e-01
6.759487756447306595e-01
6.722863257832673023e-01
6.685487863631442984e-01
6.647332586305663149e-01
6.608366745016686084e-01
6.568557839973923063e-01
6.527871416127727366e-01
6.486270915274897630e-01
6.443717515578419874e-01
6.400169957437588097e-01
6.355584354582967110e-01
6.309913989216289210e-01
6.263109089973326604e-01
6.215116591464178164e-01
6.165879874149169382e-01
6.115338483350732934e-01
6.063427826297363987e-01
6.010078846264531593e-01
5.955217673144566071e-01
5.898765250176006836e-01
5.840636937135218476e-01
5.780742091093393764e-01
5.718983626940057352e-01
5.655257561357647234e-01
5.589452545911686165e-01
5.521449397536439818e-01
5.451120638118135409e-01
5.378330059317333323e-01
5.302932334482812760e-01
5.224772706790751231e-01
5.143686791941352032e-01
5.059500545243367231e-01
4.972030457117548319e-01
4.881084058334146936e-01
4.786460836961379806e-01
4.687953693136202027e-01
4.585351085101416757e-01
4.478440049586613902e-01
4.367010309669813184e-01
4.250859710416998172e-01
4.129801241500651865e-01
4.003671908609144348e-01
3.872343690475784084e-01
3.735736750938295492e-01
3.593834947654772627e-01
3.446703471718970957e-01
3.294508148800391334e-01
3.137535525260469194e-01
2.976212363726995491e-01
2.811122624520904778e-01
2.643019496501746723e-01
2.472829693315155841e-01
2.301647213286196203e-01
2.130714239205008242e-01
1.961387938146748333e-01
1.795093595947925003e-01
1.633266589554486503e-01
1.477287779961157788e-01
1.328418501105475824e-01
1.187741959293595745e-01
1.056117279599756847e-01
9.344588552808606730e-02
8.243071144423103069e-02
7.250723707561516906e-02
6.359499493134182502e-02
5.561863034596638278e-02
4.850627055895809225e-02
4.218861508918016895e-02
3.659856882320632748e-02
3.167125311857350162e-02
2.734425007709494898e-02
2.355796015966423601e-02
2.025598111138632654e-02
1.738544388746851924e-02
1.489726640938215593e-02
1.274630684025166404e-02
1.089141387867098749e-02
9.295382365979543149e-03
7.924828878746884367e-03
6.750004827783328415e-03
5.744564875401011843e-03
4.885307106787009114e-03
4.151899085168903741e-03
3.526601235956845510e-03
2.993996319375529565e-03
2.540731294762186947e-03
2.155275771382960878e-03
1.827699520685817933e-03
1.549470183689457799e-03
1.313271306646120792e-03
1.112840127113043538e-03
9.428240570230548819e-04
7.986545181413100096e-04
6.764366333942250760e-04
5.728532271902199912e-04
4.850816085422404700e-04
4.107216787379465569e-04
3.477340024201971687e-04
2.943865939214118850e-04
2.492092900198995538e-04
2.109546993852195649e-04
1.785648335232196634e-04
1.511426313485937905e-04
1.279276881321880148e-04
1.082755888647681615e-04
9.164032599690713227e-05
7.755935238021227011e-05
6.564088260302727276e-05
5.555311046582342047e-05
4.701505781474162428e-05
3.978881108982607989e-05
3.367293746638433199e-05
2.849690304877321392e-05
2.411634183665349053e-05
2.040904668648411990e-05
1.727157273853484958e-05
1.461636021744318324e-05
1.236929753401182378e-05
1.046765755980148000e-05
8.858350111697043471e-06
7.496442328650053892e-06
6.343905969509399999e-06
5.368556900465194388e-06
4.543157337244112044e-06
3.844655901334858195e-06
3.253544361324639081e-06
2.753313162438036377e-06
2.329990587013888355e-06
1.971752710385644037e-06
1.668593283793288586e-06
1.412044342405510364e-06
1.194939748025686027e-06
1.011215071446196719e-06
8.557382316770086593e-07
7.241661663796390759e-07
6.128235335095065261e-07
5.186000585202270926e-07
4.388636615587768813e-07
3.713869393251571079e-07
3.142849489218214912e-07
2.659625564427775146e-07
2.250698800295653983e-07
1.904645830862815566e-07
1.611799645941753151e-07
1.363979553285936970e-07
1.154262657701532451e-07
9.767904743847975645e-08
8.266052749484734779e-08
6.995115949722898305e-08
5.919590346492100084e-08
5.009430788143082987e-08
4.239211659382877020e-08
3.587416615933661920e-08
3.035837523474891794e-08
2.569065810781424299e-08
2.174062028373245331e-08
1.839791588533020167e-08
1.556916511234637540e-08
1.317534564990037340e-08
1.114958515557768038e-08
9.435293158430700662e-09
7.984580184493149675e-09
6.756919946974890334e-09
5.718017229256418743e-09
4.838849834801730477e-09
4.094857840657948513e-09
3.465257506138851137e-09
2.932460670542161378e-09
2.481583420601207650e-09
2.100030302137742753e-09
1.777142460726772183e-09
1.503899882057511096e-09
1.272669413964884473e-09
1.076991531031030601e-09
9.113998849426917698e-10
7.712685996717575002e-10
6.526830456078944976e-10
5.523304826654449352e-10
4.674075174342347951e-10
3.955417891508309341e-10
3.347256967546023775e-10
2.832603156655485583e-10
2.397079375749451552e-10
2.028519074273253803e-10
1.716626356224364869e-10
1.452688359732072125e-10
1.229331859394961323e-10
1.040317291955726367e-10
8.803644513299421208e-11
7.450049837026386970e-11
6.304575620780979099e-11
5.335222532287548320e-11
4.514911261371807187e-11
3.820726047383868283e-11
3.233274517227657122e-11
2.736145950788101068e-11
2.315452840160327856e-11
1.959442935934330529e-11
1.658170942875704112e-11
1.403220693675340355e-11
1.187470039568279828e-11
1.004891889936580746e-11
8.503858428489967069e-12
7.196357030616875178e-12
6.089889071819013023e-12
5.153544876829050479e-12
4.361167253495108005e-12
3.690620779968198950e-12
3.123173441834065200e-12
2.642973344947427248e-12
2.236605885708622999e-12
1.892719008137141551e-12
1.601706079131509680e-12
1.355437522894696208e-12
