1.184419213641103700e-17
1.002310140366732638e-17
8.482010473247827244e-18
7.177868283559637285e-18
6.074243041626812740e-18
5.140304484725670349e-18
4.349962623262811104e-18
3.681138905294504101e-18
3.115149442343638052e-18
2.636183066652713034e-18
4.000000000000002685e-03
2.230074493137871872e-01
6.242850892668522222e-01
8.743140790030051734e-01
9.313883328649632531e-01
9.369336779306580709e-01
9.370405169325460859e-01
9.366422201067277076e-01
9.361939383987680774e-01
9.357377801498084624e-01
9.352776872896648719e-01
9.348140107060645132e-01
9.343467565220059390e-01
9.338758968309879283e-01
9.334014000173573855e-01
9.329232337680446463e-01
9.324413653732123164e-01
9.319557617525003890e-01
9.314663894528824040e-01
9.309732146434411826e-01
9.304762031097185693e-01
9.299753202479149605e-01
9.294705310589741476e-01
9.289618001425431482e-01
9.284490916908171299e-01
9.279323694822556590e-01
9.274115968751728278e-01
9.268867368011972641e-01
9.263577517585995791e-01
9.258246038054770422e-01
9.252872545528040282e-01
9.247456651573343622e-01
9.241997963143547823e-01
9.236496082502886340e-01
9.230950607151424681e-01
9.225361129747908784e-01
9.219727238030990257e-01
9.214048514738762963e-01
9.208324537526536568e-01
9.202554878882872602e-01
9.196739106043760881e-01
9.190876780904939647e-01
9.184967459932267264e-01
9.179010694070122156e-01
9.173006028647778809e-01
9.166953003283671020e-01
9.160851151787515745e-01
9.154700002060228714e-01
9.148499075991567420e-01
9.142247889355423762e-01
9.135945951702736378e-01
9.129592766251920510e-01
9.123187829776744362e-01
9.116730632491611974e-01
9.110220657934152699e-01
9.103657382845011803e-01
9.097040277044838863e-01
9.090368803308291890e-01
9.083642417235061606e-01
9.076860567117758238e-01
9.070022693806606418e-01
9.063128230570839383e-01
9.056176602956683697e-01
9.049167228641847860e-01
9.042099517286409371e-01
9.034972870379957000e-01
9.027786681084913889e-01
9.020540334075901612e-01
9.013233205375018597e-01
9.005864662182919700e-01
8.998434062705544800e-01
8.990940755976376542e-01
8.983384081674062882e-01
8.975763369935294556e-01
8.968077941162719835e-01
8.960327105827817773e-01
8.952510164268466797e-01
8.944626406481137604e-01
8.936675111907459446e-01
8.928655549214986609e-01
8.920566976071986343e-01
8.912408638916060610e-01
8.904179772716331875e-01
8.895879600729039716e-01
8.887507334246300683e-01
8.879062172337744974e-01
8.870543301584902229e-01
8.861949895807933464e-01
8.853281115784569222e-01
8.844536108960885379e-01
8.835714009153672333e-01
8.826813936244121139e-01
8.817834995862434688e-01
8.808776279063096348e-01
8.799636861990454140e-01
8.790415805534228522e-01
8.781112154974595185e-01
8.771724939616457606e-01
8.762253172412499680e-01
8.752695849574574360e-01
8.743051950173027498e-01
8.733320435723458397e-01
8.723500249760449687e-01
8.713590317397766905e-01
8.703589544874470452e-01
8.693496819086453664e-01
8.683311007102734180e-01
8.673030955665994579e-01
8.662655490676641756e-01
8.652183416659827708e-01
8.641613516214611268e-01
8.630944549444690139e-01
8.620175253369758428e-01
8.609304341316869058e-01
8.598330502290818522e-01
8.587252400322771262e-01
8.576068673796136688e-01
8.564777934748786237e-01
8.553378768150533551e-01
8.541869731154840828e-01
8.530249352323656664e-01
8.518516130824117516e-01
8.506668535595972580e-01
8.494705004488334321e-01
8.482623943364446806e-01
8.470423725172999685e-01
8.458102688984431294e-01
8.445659138990679882e-01
8.433091343466616596e-01
8.420397533691437175e-01
8.407575902828094971e-01
8.394624604758775810e-01
8.381541752874380746e-01
8.368325418815714123e-01
8.354973631164107628e-01
8.341484374078975694e-01
8.327855585879702094e-01
8.314085157569067741e-01
8.300170931295337562e-01
8.286110698749867831e-01
8.271902199496981023e-01
8.257543119232616524e-01
8.243031087968097914e-01
8.228363678135078851e-01
8.213538402607548639e-01
8.198552712636492101e-01
8.183403995692537514e-01
8.168089573211644305e-01
8.152606698238497041e-01
8.136952552962087859e-01
8.121124246137462199e-01
8.105118810387291761e-01
8.088933199376494576e-01
8.072564284852754568e-01
8.056008853545165715e-01
8.039263603912916167e-01
8.022325142735163839e-01
8.005189981532835342e-01
7.987854532812359576e-01
7.970315106120672288e-01
7.952567903900051860e-01
7.934609017130686004e-01
7.916434420747787692e-01
7.898039968819351442e-01
7.879421389469531967e-01
7.860574279531543640e-01
7.841494098912847877e-01
7.822176164654046637e-01
7.802615644661651251e-01
7.782807551093245957e-01
7.762746733372071217e-01
7.742427870806201096e-01
7.721845464785682678e-01
7.700993830528849449e-01
7.679867088346782333e-01
7.658459154392479595e-01
7.636763730858623367e-01
7.614774295584874064e-01
7.592484091032563054e-01
7.569886112581085680e-01
7.546973096096649680e-01
7.523737504719860691e-01
7.500171514814166773e-01
7.476267001012295577e-01
7.452015520292465389e-01
7.427408295010272665e-01
7.402436194805769309e-01
7.377089717298254135e-01
7.351358967473569095e-01
7.325233635660316489e-01
7.298702973982142961e-01
7.271755771163177506e-01
7.244380325552511879e-01
7.216564416221545875e-01
7.188295271974519673e-01
7.159559538098040354e-01
7.130343240659130499e-01
7.100631748143801936e-01
7.070409730208626620e-01
7.039661113296663553e-01
7.008369032845550572e-01
6.976515781790209036e-01
6.944082755034464149e-01
6.911050389535313698e-01
6.877398099610140259e-01
6.843104207040615616e-01
6.808145865507391203e-01
6.772498978846526185e-01
6.736138112572034320e-01
6.699036398058577646e-01
6.661165428724483695e-01
6.622495147497807766e-01
6.582993724787354894e-01
6.542627426116985889e-01
6.501360468515681168e-01
6.459154864689081732e-01
6.415970253931906342e-01
6.371763718677305732e-01
6.326489585521659631e-01
6.280099209516279979e-01
6.232540740486326447e-01
6.183758870129940632e-01
6.133694558677549313e-01
6.082284739965649889e-01
6.029462003919295876e-01
5.975154255665868774e-01
5.919284350849536303e-01
5.861769707219979253e-01
5.802521893279894982e-01
5.741446195757721194e-01
5.678441169004870837e-01
5.613398171203793918e-01
5.546200894641568624e-01
5.476724900413278974e-01
5.404837171965801712e-01
5.330395707113270154e-01
5.253249174833962698e-01
5.173236671623655525e-01
5.090187622804765999e-01
5.003921887371703958e-01
4.914250141086246026e-01
4.820974631957748446e-01
4.723890425134695814e-01
4.622787280479248029e-01
4.517452335057501323e-01
4.407673792979989180e-01
4.293245853728868688e-01
4.173975132757726803e-01
4.049688837749426673e-01
3.920244950396974404e-01
3.785544613362959443e-01
3.645546818235031461e-01
3.500285313743226046e-01
3.349887386054281602e-01
3.194593792961341050e-01
3.034778664836050299e-01
2.870967647453666061e-01
2.703852023634576995e-01
2.534296125933108157e-01
2.363335196031203789e-01
2.192161128908395040e-01
2.022094399274007581e-01
1.854541941920792025e-01
1.690942719404800176e-01
1.532704839895693838e-01
1.381139915131781581e-01
1.237401375442305634e-01
1.102433330604048467e-01
9.769690252810349362e-02
8.626751202041182953e-02
7.596050185655839337e-02
6.669299623247097741e-02
5.838803192683066079e-02
5.097262198723340881e-02
4.437660750453454456e-02
3.853211509807692031e-02
3.337344975781541406e-02
2.883727036651182601e-02
2.486291859908840510e-02
2.139279901712252616e-02
1.837273624597004010e-02
1.575226143460808567e-02
1.348480273545845341e-02
1.152777220372076632e-02
9.842554072455817274e-03
8.394407235346118892e-03
7.152298777417671546e-03
6.088686496895999445e-03
5.179267491561212293e-03
4.402707838523963434e-03
3.740365795962783367e-03
3.176018236593410732e-03
2.695597464923147821e-03
2.286943328584533763e-03
1.939573673241272618e-03
1.644474716219862433e-03
1.393911796226492573e-03
1.181260147449773043e-03
1.000854792132411120e-03
8.478582936420802144e-04
7.181449147366347329e-04
6.081996426645432411e-04
5.150305409115738670e-04
4.360929406833680176e-04
3.692240735803783091e-04
3.125868554639082671e-04
2.646216494455192673e-04
2.240049557138424621e-04
1.896140924800751701e-04
1.604970424665691660e-04
1.358467412244629793e-04
1.149791762501446176e-04
9.731474914385102189e-05
8.236242712498702625e-05
6.970627557332816744e-05
5.899402054893866757e-05
4.992734018016568490e-05
4.225362714412273592e-05
3.575900192826539614e-05
3.026238884752880439e-05
2.561049454025871006e-05
2.167355246134688003e-05
1.834171725661007548e-05
1.552201030429103533e-05
1.313573255819109319e-05
1.111627348189363885e-05
9.407255637928811041e-06
7.960963661039779940e-06
6.737014135446701636e-06
5.701229514098168428e-06
4.824684836786969200e-06
4.082900772317930594e-06
3.455160554786267891e-06
2.923931814035701665e-06
2.474377208124058023e-06
2.093940230025482571e-06
1.771994648990664959e-06
1.499547816072057539e-06
1.268989561825653814e-06
1.073879683336378482e-06
9.087680924633453042e-07
7.690426072458753906e-07
6.508001389259408974e-07
5.507376793725583014e-07
4.660600459315040327e-07
3.944018082022117307e-07
3.337612169536917688e-07
2.824442903375997820e-07
2.390174960602294438e-07
2.022677081300353281e-07
1.711683198877746301e-07
1.448505669123435733e-07
1.225792588687213432e-07
1.037322424818962440e-07
8.778302201642654935e-08
7.428605182241146698e-08
6.286429013581594226e-08
5.319866647709891580e-08
4.501916843982955554e-08
3.809729889250703862e-08
3.223969289496074214e-08
2.728271602428324907e-08
2.308789321878731357e-08
1.953804044751114239e-08
1.653399114520163513e-08
1.399182596677711418e-08
1.184052847502789727e-08
1.002000127344508049e-08
8.479387164900457192e-09
7.175648437672259792e-09
6.072364591025361799e-09
5.138714914624869049e-09
4.348617499938387713e-09
3.680000631708887962e-09
3.114186205625539959e-09
2.635367947784882633e-09
2.230169859838637493e-09
1.887272554845632945e-09
1.597097045388738042e-09
1.351537150462383405e-09
1.143733045816209259e-09
9.678796317959683188e-10
8.190643653614639362e-10
6.931300260535348357e-10
5.865585822211574486e-10
4.963729132635379681e-10
4.200536424567880901e-10
3.554687570549980381e-10
3.008140495731880047e-10
2.545627164538068342e-10
2.154227061337535177e-10
1.823006250116703540e-10
1.542711930129789659e-10
1.305513954805177885e-10
1.104786093125159644e-10
9.349209229195471316e-11
7.911731850358419330e-11
6.695272224155814846e-11
5.665848009289189440e-11
4.794701781928327053e-11
4.057497684283671025e-11
3.433641591590942006e-11
2.905705806071122382e-11
2.458942206436318356e-11
2.080870252556721348e-11
1.760928336016033962e-11
1.490178736878165375e-11
1.261057944501316462e-11
1.067165367500352296e-11
9.030845303762786595e-12
7.642317618611105685e-12
6.467281480197314656e-12
5.472911730616346876e-12
4.631430208004034171e-12
3.919329751213763430e-12
3.316717516800190710e-12
2.806759263577502133e-12
2.375209080593988833e-12
2.010011421264446547e-12
1.700964326306710832e-12
1.439434427465041429e-12
1.218115770522486337e-12
1.030825720215633701e-12
8.723322455646698402e-13
7.382077607574985635e-13
6.247054385679356722e-13
5.286545410682194372e-13
4.473718436526695036e-13
3.785866779631486697e-13
3.203774997570623601e-13
2.711182097130303423e-13
2.294327276220331138e-13
1.941565509738275125e-13
1.643042240606182565e-13
1.390418088329091401e-13
1.176635884686294580e-13
9.957235285936135833e-14
8.426271527994493350e-14
7.130699418519638092e-14
6.034326573544039073e-14
5.106525329283659062e-14
4.321377144707610978e-14
3.656948555549522573e-14
3.094678453213408323e-14
2.618859571937315888e-14
2.216199699327749199e-14
1.875450352485688634e-14
1.587092546626365986e-14
1.343070877999243433e-14
1.136568492596108307e-14
9.618166542979065057e-15
8.139335926616744577e-15
6.887881284887212594e-15
5.828842674935502515e-15
4.932635381462662960e-15
4.174223454525896552e-15
3.532420319125098686e-15
2.989296918793024713e-15
2.529680859416718969e-15
2.140732561649683587e-15
1.811586581543681026e-15
1.533048079532210101e-15
1.297335958491546717e-15
1.097865495326636784e-15
9.290643937983896662e-16
7.862171199461563086e-16
6.653331715460900925e-16
5.630356016540250497e-16
4.764666820883880931e-16
4.032080715205234298e-16
3.412132580324688659e-16
2.887503888949457339e-16
2.443538904899423846e-16
2.067835268588823742e-16
1.749897531586799526e-16
1.480843961590472510e-16
1.253158427276855627e-16
1.060480431826414129e-16
8.974274296112439371e-17
7.594444623853965861e-17
6.426769144973522140e-17
5.438628324848250984e-17
4.602418009518149105e-17
3.894778291349412858e-17
3.295940939609438587e-17
2.789177166135893032e-17
2.360330299187855823e-17
1.997420310514903852e-17
1.690309147931638844e-17
1.430417524314077265e-17
1.210485251392347383e-17
1.024368423157448881e-17
8.668677831102012002e-18
7.335834807150171780e-18
6.207921596153584178e-18
5.253429440154123174e-18
4.445694175612342064e-18
3.762151358121917595e-18
3.183705914604228531e-18
2.694198713936347145e-18
4.000000000000002685e-03
2.230016404119613271e-01
6.242280303400533636e-01
8.742610043220875315e-01
9.313712667704897585e-01
9.369234665205861123e-01
9.370311138657628769e-01
9.366328487757867860e-01
9.361845069645404749e-01
9.357282775684178100e-01
9.352681117481331796e-01
9.348043614269473389e-01
9.343370328379628775e-01
9.338660980806601231e-01
9.333915255335526462e-01
9.329132828763028185e-01
9.324313373915452674e-01
9.319456559912613347e-01
9.314562052146488913e-01
9.309629512228995152e-01
9.304658597935431263e-01
9.299648963146484038e-01
9.294600257789009667e-01
9.289512127775659822e-01
9.284384214943257607e-01
9.279216156989964492e-01
9.274007587411147169e-01
9.268758135433941003e-01
9.263467425950496770e-01
9.258135079449825167e-01
9.252760711948239125e-01
9.247343934918357267e-01
9.241884355216616331e-01
9.236381575009264822e-01
9.230835191696800113e-01
9.225244797836789079e-01
9.219609981065046700e-01
9.213930324015149331e-01
9.208205404236157188e-01
9.202434794108642624e-01
9.196618060758787738e-01
9.190754765970686746e-01
9.184844466096687698e-01
9.178886711965732470e-01
9.172881048789690572e-01
9.166827016067590206e-01
9.160724147487692148e-01
9.154571970827350968e-01
9.148370007850624708e-01
9.142117774203498692e-01
9.135814779306772326e-01
9.129460526246411245e-01
9.123054511661392585e-01
9.116596225628927908e-01
9.110085151546968296e-01
9.103520766013986076e-01
9.096902538705853303e-01
9.090229932249828115e-01
9.083502402095481321e-01
9.076719396382536553e-01
9.069880355805490790e-01
9.062984713474943055e-01
9.056031894775501412e-01
9.049021317220206084e-01
9.041952390301334352e-01
9.034824515337467332e-01
9.027637085316726484e-01
9.020389484736061059e-01
9.013081089436444371e-01
9.005711266433854556e-01
8.998279373745916576e-01
8.990784760214060034e-01
8.983226765321065121e-01
8.975604719003805743e-01
8.967917941461093223e-01
8.960165742956411883e-01
8.952347423615411026e-01
8.944462273217960169e-01
8.936509570984592088e-01
8.928488585357164942e-01
8.920398573773525852e-01
8.912238782435978335e-01
8.904008446073352623e-01
8.895706787696463502e-01
8.887333018346710301e-01
8.878886336837589210e-01
8.870365929488899237e-01
8.861770969853327573e-01
8.853100618435216784e-01
8.844354022401165194e-01
8.835530315282250635e-01
8.826628616667482330e-01
8.817648031888247750e-01
8.808587651693398080e-01
8.799446551914600345e-01
8.790223793121639817e-01
8.780918420267299629e-01
8.771529462321381310e-01
8.762055931893540928e-01
8.752496824844411272e-01
8.742851119884689215e-01
8.733117778161619826e-01
8.723295742832457567e-01
8.713383938624367220e-01
8.703381271380261630e-01
8.693286627590004478e-01
8.683098873906396342e-01
8.672816856645375605e-01
8.662439401269740324e-01
8.651965311855784879e-01
8.641393370542124197e-01
8.630722336959971708e-01
8.619950947644161587e-01
8.609077915424033778e-01
8.598101928793399074e-01
8.587021651258697208e-01
8.575835720664392037e-01
8.564542748494680113e-01
8.553141319150459054e-01
8.541629989200492101e-01
8.530007286605657546e-01
8.518271709915060663e-01
8.506421727432851299e-01
8.494455776354302712e-01
8.482372261869934871e-01
8.470169556236075703e-01
8.457845997810455874e-01
8.445399890051171754e-01
8.432829500477306839e-01
8.420133059589468560e-01
8.407308759748338689e-01
8.394354754009220043e-01
8.381269154910521157e-01
8.368050033213946248e-01
8.354695416594030144e-01
8.341203288274557925e-01
8.327571585609290228e-01
8.313798198604144263e-01
8.299880968377956192e-01
8.285817685558738432e-01
8.271606088612106777e-01
8.257243862098430087e-01
8.242728634854979974e-01
8.228057978099220238e-01
8.213229403449030519e-01
8.198240360855527653e-01
8.183088236443745167e-01
8.167770350256250422e-01
8.152283953894360335e-01
8.136626228051444532e-01
8.120794279932224136e-01
8.104785140551790112e-01
8.088595761907523274e-01
8.072223014016752796e-01
8.055663681812369470e-01
8.038914461888314600e-01
8.021971959086066084e-01
8.004832682912856878e-01
7.987493043781596080e-01
7.969949349061834498e-01
7.952197798930360495e-01
7.934234482009190348e-01
7.916055370777894673e-01
7.897656316746234362e-01
7.879033045372088040e-01
7.860181150708566156e-01
7.841096089763052168e-01
7.821773176549546847e-01
7.802207575814441576e-01
7.782394296414247847e-01
7.762328184322224711e-01
7.742003915239121792e-01
7.721415986781238194e-01
7.700558710217080272e-01
7.679426201721507583e-01
7.658012373113813887e-01
7.636310922043693106e-01
7.614315321585860552e-01
7.592018809201115381e-01
7.569414375018226337e-01
7.546494749387008261e-01
7.523252389649118799e-01
7.499679466068477351e-01
7.475767846858298871e-01
7.451509082236428272e-01
7.426894387434721523e-01
7.401914624581958924e-01
7.376560283372495253e-01
7.350821460425398524e-01
7.324687837230253740e-01
7.298148656566589842e-01
7.271192697273813899e-01
7.243808247237254472e-01
7.215983074443935719e-01
7.187704395948052438e-01
7.158958844571674529e-01
7.129732433149846837e-01
7.100010516111674441e-01
7.069777748169540077e-01
7.039018039867199761e-01
7.007714509714193518e-01
6.975849432608399736e-01
6.943404184220417497e-01
6.910359180982925675e-01
6.876693815294457890e-01
6.842386385510673685e-01
6.807414020256316034e-01
6.771752596547838676e-01
6.735376651170165152e-01
6.698259284700406324e-01
6.660372057517705002e-01
6.621684877080576959e-01
6.582165875692430612e-01
6.541781277912237513e-01
6.500495256701444013e-01
6.458269777331429040e-01
6.415064428009634723e-01
6.370836236119072904e-01
6.325539468908686347e-01
6.279125417425120981e-01
6.231542162445891098e-01
6.182734321167036029e-01
6.132642773426236760e-01
6.081204366317911614e-01
6.028351596198213702e-01
5.974012267308387303e-01
5.918109126594625069e-01
5.860559474810382863e-01
5.801274754703126257e-01
5.740160118075564588e-01
5.677113974852804335e-01
5.612027529084436805e-01
5.544784309192525296e-01
5.475259702903427783e-01
5.403320511369428258e-01
5.328824542234099626e-01
5.251620268107183298e-01
5.171546585421059605e-01
5.088432719314003316e-01
5.002098333423745657e-01
4.912353919673486113e-01
4.819001562624132262e-01
4.721836195930443347e-01
4.620647494748916784e-01
4.515222576950522204e-01
4.405349716195217091e-01
4.290823298555159204e-01
4.171450276833086890e-01
4.047058385956410764e-01
3.917506368696709318e-01
3.782696409825621053e-01
3.642588871670169870e-01
3.497219245768243834e-01
3.346716965831350588e-01
3.191325355066245151e-01
3.031421510110308137e-01
2.867534385226506166e-01
2.700358803272491226e-01
2.530762699119906145e-01
2.359784752005173458e-01
2.188619856489857074e-01
2.018590753954848660e-01
1.851105632780269405e-01
1.687603474479866528e-01
1.529491051357186604e-01
1.378077296619334147e-01
1.234511773776169052e-01
1.099733818146437780e-01
9.744796478335342182e-02
8.604259365931020420e-02
7.575785139986922212e-02
6.651100147929296658e-02
5.822517197355866342e-02
5.082743731730304110e-02
4.424768430868327579e-02
3.841808017416802057e-02
3.327297263353502094e-02
2.874906971446656093e-02
2.478577054600218654e-02
2.132554553225253502e-02
1.831429236756622683e-02
1.570162060615027180e-02
1.344103994266235801e-02
1.149004491564614011e-02
9.810101198528684702e-03
8.366546428682999567e-03
7.128422462862035736e-03
6.068256999940355514e-03
5.161811610140993808e-03
4.387811148355592709e-03
3.727666922590201857e-03
3.165203270935595253e-03
2.686394648245402604e-03
2.279118089591132806e-03
1.932924065015705203e-03
1.638827273671327389e-03
1.389117814657855107e-03
1.177192368736433179e-03
9.974044756530474603e-04
8.449326434704304296e-04
7.156648317635621844e-04
6.060977695021684680e-04
5.132495680192308450e-04
4.345841436691144860e-04
3.679460537097997545e-04
3.115044577845207854e-04
2.637050354213966476e-04
2.232288097316852517e-04
1.889569439501956490e-04
1.599406874486287739e-04
1.353757495305459436e-04
1.145804718058408736e-04
9.697725302172396456e-05
8.207675411170243683e-05
6.946447640386219872e-05
5.878936305308749390e-05
4.975412355344863228e-05
4.210702439253159594e-05
3.563492625900487173e-05
3.015738039980349379e-05
2.552162438402878566e-05
2.159834124930707017e-05
1.827806630572119140e-05
1.546814321710691392e-05
1.309014577896318073e-05
1.107769442497711173e-05
9.374607232416351394e-06
7.933334331057516974e-06
6.713632384681547409e-06
5.681442409776252685e-06
4.807939795824585511e-06
4.068730143574878165e-06
3.443168568707847045e-06
2.913783536556500168e-06
2.465789191299866216e-06
2.086672598970810068e-06
1.765844404614633394e-06
1.494343166918183843e-06
1.264585126960009115e-06
1.070152432482450238e-06
9.056139101198032977e-07
7.663733849131125215e-07
6.485413142901191187e-07
5.488261537600617677e-07
4.644424218981061646e-07
3.930328980529634848e-07
3.326027805498662342e-07
2.814639669463073998e-07
2.381879004186688475e-07
2.015656654806433093e-07
1.705742186205026404e-07
1.443478107340618757e-07
1.221538031989165257e-07
1.033722021258758315e-07
8.747833915779878021e-08
7.402821506121318373e-08
6.264609672432248489e-08
5.301402111186692420e-08
4.486291298957050136e-08
3.796506830547598504e-08
3.212779326079351519e-08
2.718802138404793293e-08
2.300775824070943144e-08
1.947022652901457698e-08
1.647660387695379228e-08
1.394326221181240092e-08
1.179943158461287781e-08
9.985223188643370774e-09
8.449956345144120299e-09
7.150742720421947497e-09
6.051288224350187125e-09
5.120879121103100778e-09
4.333524028927278376e-09
3.667227840512199598e-09
3.103377280732216939e-09
2.626220937135665139e-09
2.222429237668678372e-09
1.880722083464113970e-09
1.591553734486750706e-09
1.346846145200081598e-09
1.139763300886000205e-09
9.645202506149988301e-10
8.162215021272777133e-10
6.907242641205681915e-10
5.845227155619393184e-10
4.946500690387844312e-10
4.185956922476000263e-10
3.542349723742509165e-10
2.997699640972556000e-10
2.536791631905669146e-10
2.146750026297499703e-10
1.816678838368383377e-10
1.537357382610229289e-10
1.300982689846247781e-10
1.100951527823237124e-10
9.316759369858743740e-11
7.884271283436529428e-11
6.672033826485085480e-11
5.646182605883241212e-11
4.778060010986053195e-11
4.043414650522919241e-11
3.421723879191929342e-11
2.895620488430432477e-11
2.450407545714036979e-11
2.073647829204464573e-11
1.754816388420719638e-11
1.485006525061521198e-11
1.256680980422562321e-11
1.063461378718443325e-11
8.999500443148120916e-12
7.615792152558292964e-12
6.444834407997369398e-12
5.453915983309072821e-12
4.615355130927334586e-12
3.905726279929333282e-12
3.305205632278406748e-12
2.797017376196581208e-12
2.366965046390663566e-12
2.003034939471136888e-12
1.695060505797005865e-12
1.434438342383275836e-12
1.213887853006501594e-12
1.027247861506383083e-12
8.693044965854258098e-13
7.356455399918758897e-13
6.225371692375559973e-13
5.268196516035247269e-13
4.458190755991465812e-13
3.772726540535719669e-13
3.192655121482100882e-13
2.701771945357350082e-13
2.286363971981589406e-13
1.934826594582728841e-13
1.637339459937236298e-13
1.385592132428557157e-13
1.172551938326457632e-13
9.922675049137906149e-14
8.397025062387207323e-14
7.105949711059244046e-14
6.013382230128320669e-14
5.088801260350017847e-14
4.306378220495512151e-14
3.644255774430102495e-14
3.083937236692322987e-14
2.609769859346566149e-14
2.208507565497260239e-14
1.868940914230581466e-14
1.581583959889472414e-14
1.338409257956365781e-14
1.132623614814913345e-14
9.584783168604003875e-15
8.111085376245380106e-15
6.863974366811212205e-15
5.808611538749496166e-15
4.915514861365694920e-15
4.159735281163031127e-15
3.520159758919941777e-15
2.978921467534995476e-15
2.520900674253363543e-15
2.133302364197487208e-15
1.805298805927166945e-15
1.527727073938753127e-15
1.292833078259745809e-15
1.094054950491488146e-15
9.258397350925835963e-16
7.834882650923789191e-16
6.630238887684813975e-16
5.610813801095636940e-16
4.748129297277562952e-16
4.018085900348922771e-16
3.400289522831628118e-16
2.877481747733298168e-16
2.435057706981111445e-16
2.060658087926709202e-16
1.743823870442139426e-16
1.475704149533785660e-16
1.248808881368899410e-16
1.056799645564823003e-16
8.943125785922589645e-17
7.568085318583473271e-17
6.404462685688372945e-17
5.419751570672294700e-17
4.586443629915163381e-17
3.881260034909688074e-17
3.284501167817864167e-17
2.779496303871825000e-17
2.352137907251779028e-17
1.990487530788926605e-17
1.684442310126033575e-17
1.425452735701463950e-17
1.206283818391355097e-17
1.020812976865742721e-17
8.638590005519117296e-18
7.310373102091694483e-18
6.186374727547248393e-18
5.235195486627744891e-18
4.430263763552174108e-18
3.749093432093853762e-18
3.172655695628253326e-18
2.684847509223242369e-18
