-85.25219413180575
-85.25341100420198
-85.25461716360844
-85.25581271625131
-85.25699776722112
-85.25817242048568
-85.25933677890193
-85.26049094423017
-85.26163501714449
-85.26276909724604
-85.16389328307524
-66.25785656645014
18.165853064138787
37.12950701231031
37.060080644895244
36.64905002401489
36.18069066393848
35.00802846410068
31.64106281852876
29.026225479202655
27.280096829617783
26.095726239996488
25.284245999889848
24.730285896945727
24.358248166500882
24.115959519874504
23.966343930420575
23.882689562735347
23.845663027831222
23.84128425464597
23.859500074392262
23.893169594904293
23.9373533921755
23.98884114714654
24.045879699942184
24.108072268324
24.176355447209605
24.252635120219413
24.337965246941668
24.429063976231678
24.51800918385106
24.597503961380355
24.66415285554226
24.717481536821573
24.758290479472624
24.787774100368235
24.807173768193696
24.817656936963274
24.820281905312825
24.81599411189566
24.805633345944553
24.78994398551724
24.7695853377616
24.745141106210646
24.71712776190199
24.68600186609758
24.652166473351684
24.615976752944956
24.577744951870393
24.537744802140516
24.49621545585595
24.453365015189384
24.40937371137791
24.36439677657058
24.318567044415445
24.271997309093525
24.224782467704745
24.177001467157478
24.128719073758344
24.079987481350525
24.030847771962783
23.981331241398546
23.93146060093136
23.881251065218343
23.83071133564845
23.77984448757445
23.728648769204835
23.677118319340032
23.625243810604776
23.573013024347713
23.520411362939978
23.467422304798635
23.41402780708545
23.360208660681373
23.305944801708826
23.25121558356639
23.196000013151266
23.14027695467237
23.08402530420049
23.027224137860728
22.969852836344128
22.911891188202777
22.85331947419098
22.79411853472744
22.734269822375666
22.673755441076633
22.6125581737121
22.550661499434103
22.488049602063246
22.424707370733756
22.3606203938491
22.295774947305905
22.230157977846297
22.163757082308575
22.09656048346373
22.028557003049798
21.95973603254641
21.890087502168956
21.819601848504494
21.74826998115879
21.676083248737193
21.60303340443862
21.529112571503568
21.45431320872263
21.378628076180107
21.302050201379775
21.224572845875613
21.146189472506148
21.066893713313583
20.986679338210042
20.905540224438166
20.823470326859965
20.740463649095755
20.65651421552485
20.571616044150268
20.485763120322968
20.398949371313062
20.311168641710818
20.222414669635388
20.132681063724444
20.041961280875373
19.950248604705305
19.857536124695518
19.763816715983317
19.669083019764063
19.573327424264114
19.476542046244916
19.378718712998683
19.279848944794608
19.179923937735964
19.078934546986904
18.97687127032944
18.873724232010417
18.76948316683904
18.664137404495875
18.55767585401477
18.450086988399583
18.34135882933796
18.231478931975563
18.120434369713536
18.00821171899354
17.894797044034863
17.780175881488137
17.664333224971337
17.547253509453224
17.428920595450887
17.309317753007367
17.188427645415857
17.066232312657768
16.942713154521723
16.817850913370027
16.691625656521424
16.564016758216276
16.435002881132966
16.304561957422973
16.17267116923224
16.039306928677703
15.904444857246775
15.76805976458848
15.630125626665265
15.490615563234458
15.349501814629475
15.20675571781139
15.062347681661969
14.916247161490983
14.76842263273176
14.618841563800661
14.467470388098574
14.314274475135
14.159218100758602
14.002264416482308
13.843375417895246
13.682511912160127
13.519633484600885
13.354698464393648
13.187663889383119
13.018485470058057
12.84711755273176
12.673513081988961
12.497623562477376
12.319399020142436
12.13878796302725
11.955737341785289
11.770192510084668
11.58209718511678
11.391393408460965
11.198021507601354
11.001920058441307
10.803025849216112
10.601273846266107
10.396597162199642
10.188927027049575
9.978192763106701
9.764321764199284
9.547239480278272
9.326869408261333
9.103133090183649
8.875950119796759
8.645238158843828
8.41091296431501
8.172888428044496
7.931076630039688
7.685387906923284
7.435730936805428
7.182012841768556
6.924139308921618
6.662014730637476
6.3955423641016935
6.124624509640613
5.849162706429319
5.569057943072545
5.284210879172102
4.994522072318056
4.699892202949509
4.400222287225894
4.095413865452632
3.7853691507682603
3.4699911198146944
3.149183524115549
2.8228507980633237
2.4908978370020773
2.153229617164675
1.8097506284903209
1.460364091914632
1.104970934864193
0.7434685025944969
0.37574898874780976
0.001697575962611681
-0.37880971378641926
-0.7659084497660856
-1.1597484849250865
-1.560496882418077
-1.9683410418658198
-2.3834919878965133
-2.806187785266063
-3.236697052950269
-3.675322565567725
-4.122404955765722
-4.578326566606692
-5.043515547404422
-5.518450333896593
-6.003664688205003
-6.499753463359787
-7.007379149405243
-7.527278995041233
-8.060272061796036
-8.607265053454695
-9.169255425183318
-9.747330421331002
-10.342661419483525
-10.956493980121044
-11.590134789679938
-12.244936879837088
-12.92228414970724
-13.623575630274814
-14.350209434303787
-15.103566095565679
-15.884991031398144
-16.69577609751356
-17.53714056319736
-18.410212249437844
-19.316009986722
-20.255428915369816
-21.22923042394731
-22.23803865717415
-23.282345486952217
-24.362525605211133
-25.478862961276874
-26.631589146536562
-27.820933556111523
-29.047184255253548
-30.31075742661676
-31.61227194739885
-32.95262374322656
-34.33305170280185
-35.75518382231417
-37.22105679964049
-38.73314652181847
-40.29456456288233
-41.90954188646569
-43.58376365728385
-45.32402113094839
-47.13749545841305
-49.03102668911766
-51.01021915649774
-53.07811642334848
-55.23328466197612
-57.467345049540846
-59.762361255227695
-62.089006478076016
-64.40682329370543
-66.66760957883108
-68.82171108144857
-70.82538657770738
-72.64671710098955
-74.26835451100446
-75.6869783798784
-76.91049576077435
-77.95433497683267
-78.83790522692136
-79.58181445312157
-80.20601139392866
-80.72874583355816
-81.16612729098803
-81.53205907073806
-81.73837384149563
-63.48202572225293
-45.55954480820705
-43.919441180195875
-41.4687591883493
-38.9729444707725
-37.27461463060391
-36.55033563205324
-36.57253429729044
-37.0626522066114
-37.83154182329472
-38.77564802106031
-39.843644776371924
-41.010940269255926
-42.26530141012681
-43.60407931565677
-45.02923905336679
-46.54469022522212
-48.155136574205784
-49.86527354834852
-51.67887931970518
-53.59755123601592
-55.61894114626049
-57.73449952950622
-59.92704277779682
-62.16890777491652
-64.42183774820951
-66.63960789424331
-68.77342241600016
-70.77867723573395
-72.62085092086458
-74.27876535061168
-75.74478684485813
-77.02269681997544
-78.12441261738664
-79.06660597759347
-79.86788169303564
-80.54678327212058
-81.12060259441466
-81.60481820719919
-82.01294923627424
-82.35664194518603
-82.64586035045353
-82.88910412626223
-83.09361542075483
-83.26556012008595
-83.41018169767786
-83.53193105155354
-83.6345769661444
-83.7213012752797
-83.79478173377413
-83.85726462915804
-83.91062847818104
-83.95643974893837
-83.99600135036354
-84.03039455182216
-84.0605149720408
-84.08710326841755
-84.11077114450713
-84.13202326785435
-84.15127565234826
-84.16887101210534
-84.18509154163904
-84.2001695233985
-84.21429611151781
-84.22762859169455
-84.24029637263382
-84.25240592493788
-84.26404484875238
-84.27528522167825
-84.28618635303387
-84.29679704905648
-84.30715747557032
-84.31730068956135
-84.32725389854525
-84.33703949621061
-84.34667591421022
-84.35617832287902
-84.36555920780494
-84.37482884436871
-84.38399568841477
-84.39306669796646
-84.40204759823116
-84.41094309995418
-84.41975707938386
-84.42849272663491
-84.43715266803005
-84.44573906700569
-84.4542537073548
-84.46269806190764
-84.47107334920545
-84.47938058026907
-84.48762059719185
-84.49579410498727
-84.5039016978623
-84.5119438808878
-84.51992108786501
-84.52783369604934
-84.53568203827265
-84.54346641291656
-84.5511870921055
-84.55884432842991
-84.56643836045023
-84.57396941719172
-84.58143772180571
-84.58884349453915
-84.59618695513123
-84.60346832473668
-84.61068782745714
-84.61784569154675
-84.62494215035015
-84.63197744301787
-84.63895181503808
-84.645865518617
-84.6527188129338
-84.65951196429366
-84.66624524619499
-84.67291893932929
-84.67953333152272
-84.68608871763232
-84.69258539940466
-84.69902368530472
-84.70540389032203
-84.71172633575661
-84.7179913489917
-84.7241992632543
-84.73035041736915
-84.73644515550538
-84.7424838269214
-84.7484667857078
-84.75439439052863
-84.76026700436434
-84.76608499425704
-84.77184873105797
-84.77755858917716
-84.78321494633947
-84.78881818334197
-84.79436868381862
-84.799866834008
-84.80531302252747
-84.81070764015207
-84.81605107959929
-84.82134373531905
-84.82658600329022
-84.8317782808221
-84.83692096636234
-84.8420144593104
-84.84705915983669
-84.85205546870746
-84.85700378711527
-84.86190451651548
-84.86675805846869
-84.87156481448763
-84.8763251858902
-84.88103957365858
-84.88570837830163
-84.8903319997243
-84.89491083710186
-84.8994452887588
-84.90393575205219
-84.90838262326064
-84.91278629747825
-84.91714716851135
-84.92146562878192
-84.9257420692338
-84.92997687924397
-84.93417044653778
-84.93832315710871
-84.94243539514046
-84.94650754293518
-84.95053998084396
-84.95453308720127
-84.95848723826234
-84.96240280814521
-84.96628016877537
-84.97011968983313
-84.97392173870541
-84.97768668043913
-84.98141487769851
-84.98510669072488
-84.98876247729942
-84.99238259270814
-84.99596738970935
-84.99951721850401
-85.00303242670834
-85.00651335932903
-85.00996035873999
-85.01337376466137
-85.01675391414118
-85.02010114153845
-85.02341577850856
-85.02669815398984
-85.02994859419246
-85.03316742258887
-85.03635495990595
-85.03951152411865
-85.04263743044474
-85.04573299134195
-85.04879851650497
-85.05183431286554
-85.05484068459228
-85.05781793309255
-85.060766357015
-85.06368625225467
-85.06657791195674
-85.06944162652198
-85.07227768361503
-85.0750863681715
-85.07786796240633
-85.0806227458237
-85.08335099522687
-85.08605298472973
-85.08872898576782
-85.09137926711057
-85.09400409487463
-85.09660373253757
-85.09917844095119
-85.10172847835703
-85.10425410040072
-85.10675556014779
-85.1092331080996
-85.11168699220978
-85.11411745790099
-85.11652474808184
-85.11890910316478
-85.12127076108294
-85.12360995730864
-85.12592692487237
-85.12822189438005
-85.13049509403254
-85.13274674964454
-85.13497708466309
-85.1371863201879
-85.13937467498963
-85.14154236552994
-85.14368960598149
-85.14581660824706
-85.14792358197921
-85.15001073460104
-85.15207827132589
-85.15412639517649
-85.15615530700605
-85.15816520551788
-85.16015628728556
-85.16212874677306
-85.1640827763546
-85.16601856633501
-85.16793630496885
-85.16983617848167
-85.17171837108896
-85.17358306501612
-85.17543044051884
-85.17726067590256
-85.17907394754162
-85.18087042989978
-85.18265029554951
-85.18441371519086
-85.18616085767091
-85.18789189000384
-85.18960697738898
-85.19130628322971
-85.19298996915379
-85.19465819503104
-85.19631111899243
-85.1979488974483
-85.19957168510652
-85.20117963499125
-85.20277289846172
-85.20435162522875
-85.20591596337376
-85.20746605936637
-85.20900205808154
-85.2105241028174
-85.21203233531271
-85.21352689576351
-85.21500792284016
-85.21647555370468
-85.21792992402791
-85.21937116800454
-85.22079941837129
-85.22221480642186
-85.22361746202398
-85.2250075136349
-85.22638508831689
-85.2277503117542
-85.22910330826667
-85.2304442008268
-85.23177311107429
-85.23309015933113
-85.23439546461655
-85.23568914466208
-85.23697131592544
-85.23824209360546
-85.23950159165611
-85.24074992280126
-85.24198719854839
-85.24321352920195
-85.2444290238776
-85.24563379051594
-85.24682793589564
-85.24801156564617
-85.24918478426223
-85.25034769511564
-85.25150040046897
-85.25264300148771
-85.15377559825241
-66.24671738495651
18.40356669253456
37.18197078491556
37.13392737057408
36.74196369961145
36.28564217835122
35.06041816872698
31.627797976847148
29.005909680207875
27.262852658048374
26.08434313023985
25.279404760063596
24.731858884680054
24.36580624930563
24.128993667997992
23.984360833691213
23.905247914790905
23.872381505089937
23.871836135543596
23.893601493345432
23.930564182919802
23.977793516788743
24.032064166140596
24.091576589426396
24.155848638860395
24.225705503665232
24.3030259967886
24.389223988058717
24.481843809505346
24.573383258872234
24.656110246800864
24.726061947733115
24.78247205342847
24.826051661451714
24.857991447574495
24.879557940335246
24.89195094632048
24.89626054921715
24.893460898022855
24.884416880226514
24.86989453252922
24.85057177373261
24.82704829798992
24.799854339111018
24.769458335178957
24.736273621650973
24.70066429640368
24.66295038670533
24.623412427343265
24.582295538952533
24.539813078392214
24.49614991913338
24.451465408685124
24.405896041555135
24.35955787960498
24.312548746485266
24.264950218778694
24.216829433279294
24.16824072728412
24.11922712672177
24.069821695271283
24.020048756247835
23.969924997880298
23.919460471632092
23.868659492379663
23.817521448535608
23.766041529561313
23.714211377742714
23.66201967058667
23.609452639727163
23.556494531799917
23.503128016348324
23.44933454545466
23.395094669447936
23.340388312719842
23.285195013379774
23.22949413019832
23.173265020025344
23.116487188620077
23.05914041759834
23.001204869983667
22.942661176644876
22.883490505710473
22.82367461687186
22.763195902320263
22.70203741590604
22.64018289196474
22.57761675511906
22.514324122241916
22.450290797650013
22.385503262490253
22.31994865918401
22.25361477170322
22.18649000236999
22.118563345794716
22.049824360498683
21.980263138703894
21.90987027471482
21.838636832264914
21.76655431115283
21.69361461345044
21.61981000952612
21.54513310409239
21.46957680245467
21.393134277110754
21.315798934825295
21.237564384281487
21.158424404391738
21.078372913332352
20.997403938351496
20.915511586385783
20.83269001550914
20.748933407227568
20.66423593962356
20.578591761346825
20.49199496644105
20.4044395699902
20.31591948456377
20.22642849743591
20.13596024854961
20.04450820919493
19.952065661367566
19.85862567777216
19.7641811024338
19.668724531879562
19.572248296851456
19.474744444511323
19.376204721098755
19.27662055500155
19.175983040200013
19.074282920044954
18.971510571330608
18.86765598862365
18.76270876880963
18.656658095819303
18.549492725497178
18.44120097057506
18.331770685714712
18.2211892525832
18.109443564925762
17.996520013600986
17.882404471543843
17.767082278622492
17.650538226355113
17.532756542453406
17.413720875159644
17.293414277344397
17.171819190332783
17.048917427426215
16.92469015708842
16.79911788576293
16.672180440290628
16.543856949895293
16.414125827705874
16.28296475178374
16.150350645623394
16.016259658095436
15.880667142800657
15.743547636804688
15.604874838722045
15.464621586120034
15.322759832212784
15.179260621816479
15.034094066538165
14.887229319171128
14.738634547272298
14.58827690589765
14.436122509475444
14.282136402798605
14.126282531122015
13.96852370935398
13.8088215903365
13.647136632214801
13.483428064903636
13.317653855666235
13.14977067383167
12.979733854687986
12.80749736260134
12.633013753428244
12.456234136304525
12.277108134916999
12.095583848386894
11.911607811922337
11.725124957427962
11.53607857429633
11.344410270645751
11.150059935314912
10.952965700975822
10.753063908784105
10.550289075048157
10.344573860468735
10.135849042576186
9.924043492074158
9.709084153886316
9.490896033793655
9.269402191645092
9.044523742218297
8.816179864900315
8.584287823442029
8.348762997111987
8.109518924625919
7.866467362247523
7.619518357433557
7.36858033931392
7.1135602271401766
6.8543635575787425
6.590894631345751
6.323056679148495
6.050752046183139
5.7738823935066135
5.4923489134194625
5.206052554536575
4.914894250457764
4.618775143872193
4.317596795540125
4.011261364926688
3.6996717463759374
3.3827316417130575
3.0603455471991556
2.7324186300354163
2.398856467371986
2.059564619307439
1.714448006978452
1.3634100678352143
1.0063516628324913
0.6431697146995515
0.2737555627019848
-0.10200697279515869
-0.48424381350452395
-0.8730931219036796
-1.2687080536681885
-1.6712597338457331
-2.080940421034373
-2.497966821930055
-2.922583521961394
-3.3550665078176873
-3.7957267760145474
-4.24491404955385
-4.703020662681127
-5.170485719643758
-5.647799679161291
-6.135509542432601
-6.634224791478258
-7.144624080948378
-7.667462377017729
-8.203577766340045
-8.753896663845236
-9.319435913883813
-9.901300582680895
-10.500677085112624
-11.118822294021536
-11.757049927632558
-12.416715540644045
-13.099200995432994
-13.805898704308506
-14.538195498646925
-15.297455815412356
-16.085003981242828
-16.902105646164312
-17.749948794921856
-18.629625179171057
-19.542113416016328
-20.488265341179396
-21.468797443883577
-22.484289303630373
-23.53519086274443
-24.621840084221784
-25.744492063732782
-26.903360009346454
-28.098667704525834
-29.33071214751205
-30.59993397579074
-31.90699188043219
-33.25283515760913
-34.63876551675973
-36.066476713991726
-37.53806976723016
-39.05610059824815
-40.62383615181469
-42.24576175140087
-43.927791797560275
-45.67680214483258
-47.499907925828246
-49.40373034981434
-51.393448642541834
-53.47138659309245
-55.63500550383052
-57.874397805029005
-60.169768907743226
-62.48990978370419
-64.7929650337691
-67.03035570657366
-69.15334942196795
-71.12025531924516
-72.90179826176158
-74.48324544716745
-75.8634037395527
-77.05161515928805
-78.06406339343268
-78.92037237114008
-79.64100292037729
-80.24555600093045
-80.75185117948433
-81.17555871811082
-81.43017199183694
-63.20419485143596
-45.39959416236084
-44.63083023708959
-43.48246716407274
-42.27324275419343
-41.23827114734155
-40.600317644438846
-40.45106488195289
-40.73754261746414
-41.352145499557984
-42.20402695082222
-43.2358661857478
-44.41627706745799
-45.729711445599676
-47.16938000628826
-48.73287522848364
-50.41936788758316
-52.22754416462778
-54.153768195999376
-56.19016567818904
-58.32252035779665
-60.528191344102
-62.77474321397444
-65.02039633358241
-67.21721088318421
-69.3167953509355
-71.27687962189104
-73.06651485718585
-74.66843523068383
-76.07849900207502
-77.30312213734805
-78.35588590742648
-79.25426852224388
-80.01704577468777
-80.66253264597081
-81.2075868777281
-81.66717991853572
-82.05432722513672
-82.38021037185305
-82.65437857190176
-82.88496531594738
-83.0788895824755
-83.24203117216484
-83.37937980922568
-83.49516157065776
-83.59294689861089
-83.67574380985243
-83.74607896396141
-83.80606843602318
-83.8574794831928
-83.9017842711559
-83.94020636327878
-83.97376070167098
-84.00328777481798
-84.02948264087868
-84.05291944499574
-84.07407202875291
-84.09333118119066
-84.11101902661734
-84.12740098825773
-84.14269571145489
-84.15708327780177
-84.1707119935603
-84.18370399268669
-84.19615985692887
-84.20816242263905
-84.21977991581541
-84.23106853300419
-84.24207456556309
-84.25283614791286
-84.26338469633865
-84.27374609320862
-84.28394166179622
-84.29398896888462
-84.30390248572985
-84.31369413252082
-84.3233737269965
-84.33294935419892
-84.34242767131893
-84.35181415910286
-84.36111332925161
-84.37032889556244
-84.37946391519279
-84.38852090529141
-84.39750193931425
-84.40640872657892
-84.41524267798715
-84.42400496032495
-84.43269654112898
-84.44131822575841
-84.44987068802324
-84.45835449548578
-84.46677013035485
-84.47511800673381
-84.48339848485088
-84.4916118827896
-84.49975848615047
-84.50783855599705
-84.5158523353816
-84.52380005469331
-84.53168193602991
-84.53949819675869
-84.54724905240762
-84.55493471899831
-84.56255541491812
-84.57011136240824
-84.57760278873546
-84.58502992710024
-84.59239301732667
-84.59969230637137
-84.60692804868411
-84.61410050644523
-84.62120994969924
-84.62825665640719
-84.63524091242905
-84.64216301144907
-84.64902325485582
-84.65582195158615
-84.66255941793729
-84.66923597735567
-84.6758519602072
-84.682407703533
-84.68890355079347
-84.69533985160416
-84.70171696146694
-84.70803524149615
-84.71429505814417
-84.72049678292586
-84.72664079214363
-84.7327274666153
-84.73875719140374
-84.74473035554982
-84.75064735180933
-84.75650857639558
-84.76231442872479
-84.76806531116776
-84.77376162880692
-84.77940378919901
-84.78499220214316
-84.79052727945465
-84.79600943474622
-84.80143908321303
-84.80681664142553
-84.81214252712779
-84.81741715904143
-84.82264095667665
-84.8278143401486
-84.83293772999997
-84.83801154702908
-84.84303621212511
-84.84801214610721
-84.852939769571
-84.85781950273929
-84.86265176532032
-84.86743697636948
-84.87217555415715
-84.87686791604163
-84.88151447834822
-84.8861156562516
-84.89067186366387
-84.89518351312796
-84.89965101571578
-84.90407478093002
-84.90845521661075
-84.91279272884707
-84.91708772189246
-84.92134059808332
-84.92555175776423
-84.92972159921403
-84.93385051857808
-84.93793890980292
-84.94198716457485
-84.94599567226244
-84.9499648198618
-84.95389499194523
-84.95778657061263
-84.96163993544806
-84.96545546347653
-84.96923352912525
-84.97297450418715
-84.97667875778765
-84.98034665635245
-84.98397856358072
-84.98757484041772
-84.9911358450315
-84.99466193279112
-84.99815345624714
-85.00161076511489
-85.00503420625812
-85.00842412367695
-85.01178085849548
-85.01510474895221
-85.01839613039154
-85.02165533525769
-85.02488269309022
-85.02807853052092
-85.03124317127015
-85.03437693614785
-85.03748014305398
-85.04055310698067
-85.04359614001501
-85.04660955134405
-85.04959364725958
-85.05254873116526
-85.0554751035836
-85.05837306216459
-85.0612429016959
-85.06408491411172
-85.06689938850468
-85.06968661113758
-85.07244686545528
-85.0751804320985
-85.07788758891803
-85.08056861098807
-85.0832237706226
-85.08585333738954
-85.0884575781279
-85.09103675696386
-85.09359113532837
-85.09612097197412
-85.09862652299351
-85.1011080418369
-85.10356577933112
-85.10599998369855
-85.10841090057619
-85.11079877303487
-85.1131638415989
-85.1155063442662
-85.11782651652874
-85.12012459139191
-85.12240079939566
-85.124655368635
-85.12688852478034
-85.12910049109901
-85.13129148847581
-85.13346173543415
-85.13561144815726
-85.1377408405088
-85.13985012405465
-85.14193950808342
-85.14400919962884
-85.14605940349021
-85.14809032225406
-85.15010215631436
-85.15209510389464
-85.15406936106949
-85.15602512178525
-85.1579625778805
-85.15988191910807
-85.16178333315513
-85.16366700566516
-85.16553312025746
-85.16738185854891
-85.16921340017406
-85.17102792280609
-85.17282560217686
-85.17460661209691
-85.1763711244763
-85.17811930934431
-85.17985133486968
-85.18156736738034
-85.183267571383
-85.18495210958265
-85.18662114290224
-85.18827483050214
-85.18991332979918
-85.19153679648524
-85.19314538454626
-85.19473924628143
-85.19631853232126
-85.19788339164586
-85.19943397160417
-85.20097041793106
-85.20249287476555
-85.20400148466882
-85.2054963886421
-85.20697772614264
-85.20844563510298
-85.20990025194769
-85.21134171160892
-85.21277014754496
-85.21418569175601
-85.21558847480092
-85.21697862581381
-85.21835627251926
-85.21972154124904
-85.22107455695794
-85.22241544324035
-85.22374432234398
-85.22506131518679
-85.22636654137104
-85.22766011919924
-85.22894216568858
-85.23021279658609
-85.23147212638233
-85.23272026832666
-85.23395733444153
-85.23518343553577
-85.23639868121975
-85.23760317991817
-85.23879703888404
-85.23998036421224
-85.24115326085271
-85.24231583262393
-85.14346818222555
