-85.02305127845032
-85.02626631227068
-85.02944850406155
-85.03259823004183
-85.03571586187299
-85.03880176670746
-85.04185630723852
-85.04487984174774
-85.04787272415489
-85.05083530406597
-84.95376792682123
-66.04080271130508
15.624873668284836
35.775838880662114
36.04843022319068
35.929036363729736
35.683631070840036
34.996967716609504
32.12932800508694
29.567814432790705
27.784344134656816
26.527211173481632
25.626831170581823
24.97806573953074
24.511210969724658
24.177423460214392
23.941355656593707
23.777025549062984
23.665224694567776
23.591748040288937
23.546125914845266
23.520700070036632
23.509955477729516
23.510054947719624
23.518546275168642
23.534224891252123
23.557112757843736
23.588338340224425
23.62914285941636
23.678067493697863
23.72895995516261
23.774472613428145
23.810349611368245
23.835463153390354
23.850229406816705
23.85559263413127
23.85260662919447
23.84228557612229
23.825556508112076
23.803249249398355
23.776099889920687
23.744758633781295
23.709798518337823
23.67172373059209
23.630977129672065
23.58794692252448
23.542972558263063
23.49634993785088
23.448336034532723
23.399153008767488
23.34899188791061
23.298015868591058
23.246363289424703
23.194150313389812
23.14147335258197
23.088411262835752
23.03502733155906
22.981371078828374
22.927479889147985
22.873380489137826
22.819090284665155
22.76461856949058
22.70996761629191
22.655133659907055
22.600107781762155
22.544876703694364
22.4894234987119
22.433728225646036
22.37776849412015
22.321519965783924
22.2649567973243
22.208052030364414
22.150777932991204
22.093106297308616
22.035008697091406
21.976456709315116
21.917422103054932
21.857876998982377
21.79779400243896
21.737146312832884
21.675907811884038
21.614053133037068
21.55155771416696
21.488397835521386
21.42455064467258
21.35999417009373
21.294707324825655
21.228669901562473
21.161862560356127
21.094266810020972
21.02586498421012
20.95664021303305
20.886576390991223
20.815658141922455
20.743870781565864
20.671200278287852
20.597633212443363
20.523156734787513
20.447758524298095
20.371426745720655
20.29415000710389
20.215917317552275
20.136718045388275
20.056541876883525
19.975378775690146
19.893218943077866
19.810052779060133
19.72587084447217
19.64066382404687
19.554422490518256
19.46713766976973
19.37880020703183
19.28940093412442
19.19893063773008
19.107380028676708
19.014739712202914
18.921000159172657
18.826151678202393
18.730184388660383
18.63308819449403
18.53485275883967
18.435467479367173
18.334921464310302
18.233203509132967
18.13030207378083
18.026205260467624
17.920900791945016
17.814375990205633
17.70661775556856
17.59761254609776
17.487346357303114
17.375804702076337
17.26297259081306
17.14883451167366
17.033374410936748
16.91657567339907
16.79842110277721
16.6788929020669
16.55797265381656
16.43564130027282
16.31187912335641
16.18666572442765
16.059980003801577
15.93180013997407
15.802103568520444
15.670866960629915
15.538066201239502
15.403676366732434
15.267671702167528
15.13002559800679
14.990710566310613
14.84969821637097
14.706959229755846
14.562463334739283
14.416179280095076
14.268074808234376
14.118116627671398
13.966270384805389
13.812500635011336
13.656770813038678
13.49904320272187
13.339278906015556
13.177437811375182
13.013478561514022
12.84735852057898
12.679033740800811
12.508458928690196
12.335587410868136
12.160371099639182
11.982760458439522
11.802704467317122
11.620150588631521
11.435044733193157
11.247331227100371
11.05695277957357
10.86385045213284
10.667963629516949
10.469229992798313
10.267585495210918
10.062964341274474
9.8552989698713
9.644520042007224
9.430556434067743
9.213335237461342
8.992781765621277
8.768819569414312
8.541370462072633
8.31035455482117
8.075690304407294
7.837294573747119
7.595082706869757
7.348968619256135
7.0988649045151835
6.844682958101325
6.586333118428671
6.32372482525847
6.056766794598553
5.785367208531541
5.509433917353215
5.228874650131878
4.943597228272139
4.653509774875009
4.358520910633724
4.058539924718641
3.753476906634201
3.443242822463002
3.1277495163680276
2.80690961586661
2.480636317421872
2.1488430275558383
1.8114428342268687
1.468347783887443
1.1194679416649864
0.7647102156425937
0.40397693129962936
0.037164148702955896
-0.33584027726035404
-0.7151588849177928
-1.100927024978652
-1.4932954860345489
-1.8924332956667713
-2.2985306632935325
-2.7118020316564118
-3.132489209685758
-3.5608645716035467
-3.9972343266746604
-4.441941891798123
-4.895371434730456
-5.357951695671843
-5.830160229218275
-6.312528215870928
-6.805645935684344
-7.310168828845987
-7.826823756603467
-8.356414656240899
-8.89982641019806
-9.45802566953884
-10.032057766282533
-10.62303963109826
-11.232149436683942
-11.860614121143739
-12.509695875085967
-13.180678263703463
-13.87485217978003
-14.593501493995362
-15.337888161025445
-16.10923663280596
-16.908717663876473
-17.737431906071542
-18.596394029887115
-19.486518436135945
-20.40860789734985
-21.363346659096553
-22.351299604992576
-23.372919020291793
-24.42856026372666
-25.518507277501865
-26.643008348108335
-27.802321901543046
-28.996771393056324
-30.226807513244122
-31.493074874388565
-32.79647882165549
-34.13824570612827
-35.519967236968284
-36.943621620956804
-38.41159377208911
-39.926809638877046
-41.49313014032883
-43.115744912130744
-44.801010458564235
-46.555840730983626
-48.387045822370325
-50.300580847554976
-52.30046311804283
-54.387172083104076
-56.55549011711754
-58.79201068970278
-61.07297469548222
-63.36355027988841
-65.61972840755395
-67.79322173428014
-69.83828329862156
-71.71821160904578
-73.40945382010104
-74.9024937103439
-76.2000675740135
-77.31391854883547
-78.26126106956194
-79.06173411007946
-79.73518282526737
-80.30028001643721
-80.77382312634352
-81.17049331301416
-81.50288841685115
-81.78169409841217
-82.01590839273321
-82.21307306134035
-82.37948947749655
-82.52041054732483
-82.64020711307616
-82.74251034743563
-82.83033272956511
-82.90617037241859
-82.97208929469458
-83.02979794883632
-83.08070802763366
-83.12598530765338
-83.16659205328638
-83.20332229812283
-83.23683113702518
-83.26765899986098
-83.29625173437708
-83.32297719970731
-83.34813896218034
-83.3719875901424
-83.39472996307504
-83.41653694095397
-83.43754968115167
-83.45788484088054
-83.47763886191781
-83.49689149996833
-83.51570873247891
-83.5341451550728
-83.55224595724484
-83.57004855185245
-83.5875839196702
-83.60487771936707
-83.62195120429924
-83.63882198013908
-83.65550463131062
-83.67201123923967
-83.688351811339
-83.7045346363043
-83.72056657854533
-83.73645332231558
-83.75219957424481
-83.76780923145571
-83.78328552118624
-83.7986311168072
-83.81384823427493
-83.8289387123559
-83.84390407938294
-83.85874560882796
-83.87346436558043
-83.88806124449918
-83.9025370025351
-83.91689228550119
-83.93112765038303
-83.94524358393141
-83.95924051815523
-83.97311884322471
-83.98687891821088
-84.00052108001724
-84.01404565079964
-84.02745294411734
-84.04074327002436
-84.05391693926897
-84.06697426674614
-84.07991557432157
-84.09274119312715
-84.10545146541354
-84.1180467460257
-84.13052740356403
-84.14289382127808
-84.1551463977348
-84.16728554729715
-84.17931170044098
-84.19122530393442
-84.2030268209031
-84.21471673079628
-84.22629552927098
-84.2377637280052
-84.24912185445181
-84.26037045154202
-84.2715100773472
-84.28254130470471
-84.29346472081384
-84.30428092680813
-84.31499053730604
-84.32559417994617
-84.33609249490797
-84.34648613442396
-84.35677576228318
-84.36696205332845
-84.37704569295158
-84.38702737658453
-84.39690780919184
-84.40668770476405
-84.41636778581187
-84.42594878286573
-84.43543143397815
-84.44481648423134
-84.45410468525144
-84.4632967947286
-84.47239357594512
-84.48139579731031
-84.49030423190412
-84.49911965703055
-84.50784285377834
-84.51647460659188
-84.52501570285187
-84.53346693246547
-84.54182908746718
-84.55010296163023
-84.55828935008758
-84.5663890489642
-84.57440285501922
-84.58233156529994
-84.5901759768057
-84.59793688616276
-84.60561508930965
-84.61321138119365
-84.62072655547821
-84.6281614042599
-84.63551671779592
-84.64279328424392
-84.64999188940902
-84.6571133165044
-84.66415834591784
-84.67112775499238
-84.67802231781347
-84.6848428050071
-84.69158998354693
-84.69826461657094
-84.70486746320643
-84.71139927840412
-84.71786081278128
-84.72425281247249
-84.73057601898888
-84.73683116908533
-84.7430189946359
-84.74914022251555
-84.75519557449124
-84.7611857671187
-84.76711151164594
-84.77297351392451
-84.77877247432647
-84.78450908766885
-84.79018404314229
-84.79579802424685
-84.80135170873432
-84.80684576855381
-84.81228086980454
-84.81765767269341
-84.82297683149682
-84.8282389945276
-84.83344480410733
-84.83859489654108
-84.84368990209848
-84.84873044499776
-84.85371714339392
-84.85865060936983
-84.86353144893253
-84.86836026201145
-84.87313764246117
-84.87786417806565
-84.88254045054632
-84.8871670355737
-84.89174450278013
-84.89627341577675
-84.90075433217119
-84.9051878035894
-84.90957437569793
-84.91391458822928
-84.91820897500901
-84.92245806398492
-84.92666237725712
-84.93082243111057
-84.93493873604939
-84.93901179683137
-84.94304211250488
-84.94703017644675
-84.95097647640159
-84.95488149452218
-84.95874570741056
-84.96256958615952
-84.96635359639616
-84.97009819832672
-84.97380384677928
-84.97747099125095
-84.98110007595231
-84.98469153985496
-84.98824581673802
-84.99176333523566
-84.99524451888492
-84.99868978617377
-85.00209955059027
-85.00547422067102
-85.00881420004961
-85.0121198875067
-85.01539167701893
-85.01862995780803
-85.02183511439104
-85.0250075266293
-85.0281475697776
-85.03125561453523
-85.03433202709387
-85.03737716918769
-85.0403913981425
-84.94337506692445
-66.0299190734373
15.615543572473282
35.742880947951555
36.02382959495428
35.90991127979796
35.666464361462396
34.94025470543557
32.02193691832813
29.474231843601707
27.704737004303205
26.45888480928702
25.56775436322177
24.92669368932128
24.466317197403274
24.138018696604533
23.906642534882703
23.746365646873866
23.638110284697483
23.56777665352567
23.52497735768406
23.50211561318386
23.493718566593355
23.495972294331697
23.506427713212016
23.523860609049617
23.548251126837126
23.580689459981414
23.62248241513192
23.67245425589036
23.72472743785048
23.77189132173308
23.809475551737034
23.83621791262758
23.85248722706601
23.859220547082447
23.857478561919553
23.848286412177018
23.832582547061993
23.81120743419896
23.78490668697352
23.754338895826184
23.72008444483251
23.682653955657084
23.642495935582627
23.600003565874868
23.555520693511223
23.509347123689075
23.461743310266055
23.412934529767668
23.363114610944546
23.312449279317157
23.261079165603302
23.209122518397727
23.156677654684803
23.103825176390522
23.050629976917662
22.997143058212174
22.943403176184557
22.889438330103427
22.83526710977513
22.780899912833263
22.726340043215295
22.67158470084933
22.61662587167318
22.56145112632482
22.50604433516007
22.45038630664626
22.394455355637547
22.338227807548222
22.281678443992927
22.224780895053367
22.1675079829531
22.10983202157108
22.051725075897952
21.99315918523341
21.934106553637804
21.874539710882225
21.814431646890004
21.753755922426052
21.69248675856856
21.6305991072892
21.568068705272804
21.504872112924538
21.440986740341444
21.376390861866447
21.311063620692423
21.244985024847367
21.178135935761844
21.110498050501423
21.042053878636445
20.97278671462028
20.902680606453202
20.83172032132329
20.759891308837584
20.6871796623841
20.613572079100035
20.539055818861968
20.463618662659332
20.38724887066391
20.309935140263406
20.231666564287693
20.15243258962
20.0722229763543
19.991027757630217
19.908837200252652
19.825641766179828
19.741432074943894
19.656198867050616
19.56993296838944
19.48262525567133
19.394266622900393
19.304847948875494
19.21436006570851
19.12279372833909
19.03013958501985
18.936388148739336
18.84152976954689
18.745554607739972
18.648452607869903
18.550213473522266
18.450826642824186
18.35028126463008
18.24856617533732
18.145669876281456
18.041580511660662
17.936285846939587
17.829773247682116
17.722029658763255
17.61304158391074
17.50279506552729
17.391275664745212
17.27846844166606
17.164357935737737
17.048928146223826
16.932162512718808
16.814043895665634
16.69455455683122
16.573676139697127
16.451389649723808
16.327675434446544
16.202513163363186
16.075881807574046
15.947759619135132
15.818124110087236
15.686952031123871
15.554219349862493
15.419901228684008
15.283972002107447
15.146405153667283
15.007173292262953
14.866248127951415
14.723600447155803
14.579200087264935
14.433015910601993
14.285015777742462
14.13516652016569
13.983433912228145
13.829782642451265
13.674176284122032
13.516577265210906
13.356946837619118
13.195245045775723
13.031430694614894
12.865461316975159
12.697293140475397
12.52688105393788
12.354178573445383
12.179137808139748
12.001709425891903
11.8218426189983
11.639485070088984
11.454582918464238
11.267080727114676
11.07692145072048
10.884046404971654
10.688395237602366
10.489905901588621
10.288514631019886
10.084155920221823
9.876762506778752
9.666265359179691
9.452593669891092
9.235674854739042
9.015434559564355
8.791796675190087
8.564683361810216
8.334015083964905
8.099710657304938
7.8616873083575385
7.619860748477067
7.374145263084999
7.124453817157267
6.870698177686419
6.612789053510675
6.350636252436802
6.084148854964041
5.81323540311483
5.537804101867664
5.257763029443874
4.973020351203125
4.683484530142632
4.389064524975044
4.089669964503061
3.7852112845650017
3.475599811273514
3.1607477717298305
2.8405682110254067
2.5149747923399914
2.183881455542499
1.8472019091514358
1.504848931067488
1.1567334553761561
0.8027634258938365
0.44284240204875114
0.07686790906490097
-0.2952704680077507
-0.6736932385463738
-1.058533392578486
-1.449938994905572
-1.8480759569267737
-2.253130952491044
-2.6653144443995584
-3.084863793387358
-3.512046432725658
-3.947163110156672
-4.390551225549853
-4.842588327244667
-5.303695869538547
-5.774343369231197
-6.25505311087619
-6.746405503828661
-7.249045042860895
-7.763686532038203
-8.29112082259965
-8.832218927753672
-9.387933250479682
-9.959294992766221
-10.54740755877182
-11.153436582454075
-11.77859770005971
-12.424143176500136
-13.091348113528417
-13.781496490377396
-14.495866935494531
-15.235717992384949
-16.002272711592237
-16.79670261741902
-17.620111399966923
-18.473519018388036
-19.357847227858677
-20.27390782406737
-21.22239510048957
-22.20388410336208
-23.218836220882594
-24.267613441385468
-25.350502259686856
-26.46774771661627
-27.619597449016915
-28.806354926417512
-30.028440244427177
-31.286455847062385
-32.58125314588393
-33.91399386630731
-35.286197206904724
-36.69976433462371
-38.15699374917638
-39.660682448330974
-41.214473758272725
-42.82329225813854
-44.49329592964917
-46.23131348950302
-48.04418774264054
-49.93806403953083
-51.91739349519589
-53.98344968357261
-56.13228449220372
-58.35228492669201
-60.621893655776944
-62.90852477150039
-65.1698774779184
-67.35825119013543
-69.42708810193083
-71.33767546298935
-73.06380135125504
-74.59326610988708
-75.92655933777493
-77.07383159910239
-78.05136860831279
-78.87842880949432
-79.57486325881446
-80.15958371495886
-80.64974090534895
-81.06040445967378
-81.40454987728393
-81.69320692583808
-81.93567578420638
-82.13975782432261
-82.31197466696752
-82.4577646879125
-82.5816542298133
-82.6874044902553
-82.77813648010832
-82.85643678825545
-82.92444678136505
-82.98393760855623
-83.03637309502527
-83.08296233976633
-83.12470359129294
-83.1624207613527
-83.19679374713202
-83.228383564652
-83.25765314793684
-83.28498453852222
-83.31069307656911
-83.3350391068941
-83.358237629195
-83.38046625018937
-83.40187173483928
-83.42257540290866
-83.44267757447066
-83.46226123244644
-83.48139504073818
-83.50013583206933
-83.51853065943668
-83.53661848841155
-83.55443159379195
-83.571996712814
-83.58933599784116
-83.60646780381329
-83.62340733947248
-83.64016720623036
-83.656757844314
-83.67318790235517
-83.68946454373291
-83.7055937006379
-83.7215802848973
-83.73742836301679
-83.7531413015929
-83.76872188817308
-83.78417243176362
-83.79949484645137
-83.81469072101005
-83.82976137686408
-83.84470791637736
-83.85953126309543
-83.87423219529057
-83.88881137393066
-83.90326936600168
-83.91760666395547
-83.93182370192412
-83.94592086923592
-83.95989852167321
-83.97375699084503
-83.98749659198081
-84.00111763040108
-84.01462040687986
-84.02800522207701
-84.04127238018856
-84.05442219194106
-84.06745497703415
-84.08037106611636
-84.09317080237007
-84.105854542764
-84.11842265902736
-84.13087553838717
-84.1432135841054
-84.15543721584675
-84.16754686990332
-84.17954299929573
-84.19142607377279
-84.2031965797225
-84.21485502000918
-84.2264019137454
-84.23783779601378
-84.24916321754102
-84.26037874433516
-84.27148495728964
-84.2824824517618
-84.29337183712867
-84.30415373632405
-84.31482878536133
-84.32539763284524
-84.33586093947288
-84.34621937752902
-84.35647363037727
-84.36662439194644
-84.37667236621769
-84.3866182667107
-84.39646281597105
-84.40620674506152
-84.41585079305571
-84.4253957065369
-84.43484223910255
-84.44419115087422
-84.45344320801456
-84.46259918225249
-84.47165985041482
-84.48062599396802
-84.48949839856745
-84.49827785361644
-84.50696515183449
-84.51556108883602
-84.52406646271814
-84.53248207366023
-84.540808723532
-84.54904721551358
-84.55719835372562
-84.56526294287022
-84.57324178788326
-84.58113569359656
-84.58894546441144
-84.59667190398274
-84.60431581491417
-84.61187799846448
-84.61935925426341
-84.62676038003893
-84.63408217135407
-84.64132542135566
-84.64849092053164
-84.65557945647937
-84.66259181368359
-84.66952877330358
-84.67639111297156
-84.68317960659846
-84.6898950241908
-84.69653813167446
-84.70310969072922
-84.70961045863145
-84.71604118810424
-84.72240262717698
-84.72869551905256
-84.73492060198222
-84.74107860914826
-84.74717026855419
-84.75319630292105
-84.75915742959253
-84.76505436044552
-84.77088780180763
-84.77665845438078
-84.78236701317175
-84.78801416742726
-84.79360060057623
-84.79912699017675
-84.80459400786872
-84.81000231933119
-84.81535258424508
-84.82064545626183
-84.82588158297315
-84.83106160588909
-84.836186160418
-84.84125587585142
-84.846271375353
-84.85123327595029
-84.85614218853131
-84.8609987178429
-84.86580346249401
-84.87055701496097
-84.87525996159678
-84.87991288264188
-84.88451635223912
-84.8890709384495
-84.89357720327178
-84.89803570266402
-84.90244698656736
-84.9068115989317
-84.91113007774324
-84.91540295505406
-84.91963075701325
-84.92381400390029
-84.92795321015892
-84.93204888443373
-84.93610152960692
-84.9401116428366
-84.94407971559734
-84.9480062337202
-84.95189167743503
-84.95573652141337
-84.95954123481228
-84.96330628131797
-84.96703211919167
-84.97071920131576
-84.97436797523963
-84.9779788832275
-84.9815523623058
-84.98508884431118
-84.98858875593874
-84.99205251879089
-84.99548054942682
-84.99887325941141
-85.00223105536539
-85.00555433901421
-85.00884350723882
-85.01209895212494
-85.01532106101382
-85.01851021655165
-85.02166679674005
-85.02479117498628
-85.02788372015266
-85.03094479660676
-84.93397476427167
-66.02010389228649
15.603898862218552
35.71195947103391
36.0007301822841
35.89191804838655
35.6502737273379
34.885883244866584
31.925677908763575
29.39075228034129
27.633770888734652
26.397972508212426
25.51506426774602
24.880838995294116
24.42620104872021
24.10275935555707
23.875531401513577
23.71883689188209
23.61371509066402
23.546160233563743
23.50585833823994
23.485267471640004
23.478952521482746
23.48312063369968
23.495326129556044
23.514328235972965
23.540070588849677
23.573607117074673
23.616292237364746
23.667188881503538
23.720673253936567
23.76929590330542
23.80839689929761
23.836589682132363
23.85419807903521
23.862151676428436
23.861517015320082
23.853328973667026
23.838536236988702
23.817988845282535
23.79244098681087
23.762558805653633
23.728929302843987
23.69206889405327
23.65243117039567
23.610413788317743
23.566364549206448
23.520586766703964
23.473344020408103
23.424864383278912
23.375344196290254
23.324951451108195
23.2738288308233
23.222096450046127
23.169854328727855
23.11718462856076
23.064153676441844
23.010813795999997
22.957204965388975
22.90335631728277
22.849287495156876
22.79500987840734
22.740527687578382
22.68583897988633
22.630936544301424
22.575808704645972
22.520440038464987
22.464812018804192
22.408903585474285
22.352691651878416
22.29615155302483
22.239257439927627
22.18198262521438
22.124299884402063
22.06618171697129
22.007600571058678
21.9485290352982
21.888940001070484
21.828806798165495
21.76810330662427
21.706804047302885
21.644884253490822
21.58231992572043
21.51908787171946
21.455165733287256
21.390532001714973
21.32516602322012
21.259047995728007
21.19215895820298
21.124480773612746
21.055996106500196
20.986688396033724
20.91654182531474
20.845541287634315
20.773672350292667
20.70092121652314
20.627274685996543
20.552720114322415
20.477245371909298
20.400838802497073
20.323489181630844
20.24518567530524
20.165917798972504
20.08567537707592
20.00444850324165
19.922227501235948
19.839002886772924
19.75476533023774
19.669505620372487
19.583214628956817
19.49588327650179
19.407502498963343
19.318063215472783
19.22755629707158
19.135972536431037
19.043302618531403
18.949537092268887
18.854666342955063
18.758680565669643
18.66156973942411
18.563323602092336
18.463931626060937
18.363382994552456
18.26166657857235
18.158770914430253
18.054684181786488
17.949394182173336
17.842888317941934
17.735153571585
17.626176485386612
17.515943141350615
17.40443914135936
17.291649587516066
17.17755906262392
17.062151610756285
16.94541071787322
16.827319292439597
16.70785964600229
16.587013473683122
16.464761834546174
16.341085131798728
16.215963092785298
16.089374748736038
15.961298414230663
15.831711666341038
15.700591323415322
15.567913423468486
15.43365320214459
15.297785070217842
15.160282590600131
15.021118454824784
14.8802644589778
14.737691479049012
14.593369445679864
14.447267318283982
14.299353058522293
14.14959360311668
13.997954835990233
13.84440155972681
13.688897466348324
13.531405107413883
13.371885863452833
13.210299912751635
13.046606199524557
12.88076240150928
12.712724897042126
12.542448731681283
12.369887584464943
12.194993733910307
12.017718023881315
11.838009829479343
11.65581702313892
11.471085941144123
11.283761350816828
11.093786418670037
10.901102679864024
10.70565000935463
10.507366595178462
10.30618891438024
10.102051712153973
9.894887984840645
9.684628967499458
9.471204126848916
9.254541160453435
9.034566003111259
8.811202841476018
8.584374138014258
8.354000665458422
8.120001552953342
7.882294345106987
7.640795075130101
7.395418353175051
7.146077470843457
6.892684522610059
6.635150544583945
6.373385670575387
6.107299304831754
5.836800310021863
5.561797208058216
5.282198390125886
4.9979123308160105
4.708847799528275
4.414914060314701
4.116021049106428
3.8120795148430506
3.5030011084877746
3.188698401377564
2.869084811976589
2.5440744180729373
2.2135816300062245
1.8775206998917726
1.5358050422671887
1.1883463433545167
0.8350534393722951
0.4758309491110885
0.11057765222940849
-0.2608153878075094
-0.638466948965353
-1.022508008439688
-1.4130843095772274
-1.8103591081875519
-2.214516064775978
-2.625762249132419
-3.044331228396433
-3.47048622036019
-3.904523311518717
-4.346774765119271
-4.797612478137867
-5.257451685132219
-5.726755043159016
-6.206037247147321
-6.695870286522285
-7.196889316041427
-7.709798838282354
-8.235378497013205
-8.77448738384331
-9.328065596721471
-9.897132068352425
-10.482778390165015
-11.086159182071011
-11.70848009284857
-12.350984556417528
-13.014940078440352
-13.70162435189605
-14.41231113058709
-15.148255630323387
-15.910679275571729
-16.700753810654597
-17.51958508697702
-18.368197168364233
-19.24751772285823
-20.158365954599603
-21.101444539443534
-22.077337130684867
-23.086512969957674
-24.12933995641269
-25.2061071924888
-26.317057550411388
-27.462430214311055
-28.642512470593626
-29.857699238751767
-31.10855788376327
-32.39589453734496
-33.72081616099396
-35.084779881734285
-36.48962053328306
-37.9375639343202
-39.43130420409595
-40.97430888760196
-42.57127241872394
-44.228165685456474
-45.951726259748575
-47.74880583835011
-49.625685911773374
-51.58714925005279
-53.635094531436074
-55.766595298700395
-57.97151496289425
-60.23015972463194
-62.51192079105672
-64.77610992199146
-66.97574933568667
-69.06380798495442
-70.99999762927017
-72.75586541258225
-74.31685181649581
-75.68140305467715
-76.85817151688015
-77.86252845081349
-78.71331715540927
-79.43033658202415
-80.03267302790262
-80.53776903672596
-80.96102824837946
-81.31575736684725
-81.61329136140631
-81.8632002102365
-82.07351805031885
-82.25096445033431
-82.40114470439121
-82.52872520298101
-82.6375842880391
-82.73094076402361
-82.81146274647638
-82.88135949608116
-82.94245865476859
-82.99627102072897
-83.04404472772612
-83.08681044747084
-83.12541901403495
-83.16057267432393
-83.1928509959998
-83.2227323119168
-83.25061144648122
-83.27681435288748
-83.30161018951159
-83.32522127735898
-83.34783130689691
-83.36959210033271
-83.39062918301826
-83.41104637378771
-83.43092956746499
-83.45034985238408
-83.46936608058263
-83.48802698751395
-83.50637294094581
-83.5244373845629
-83.54224803014411
-83.55982784260519
-83.5771958543296
-83.59436783874251
-83.61135686776737
-83.62817377344555
-83.64482753041469
-83.66132557299467
-83.67767405821346
-83.6938780841117
-83.70994187103449
-83.72586891226565
-83.7416620992612
-83.75732382581481
-83.77285607474835
-83.7882604900904
-83.80353843720029
-83.81869105287196
-83.83371928710325
-83.84862393792677
-83.86340568046272
-83.87806509115583
-83.89260266799613
-83.90701884738746
-83.92131401821663
-83.93548853358139
-83.94954272056275
-83.96347688835698
-83.97729133503691
-83.99098635315941
-84.00456223441039
-84.01801927343502
-84.03135777098674
-84.0445780365026
-84.05768039019432
-84.07066516473007
-84.08353270657312
-84.0962833770289
-84.10891755304522
-84.12143562780463
-84.13383801113876
-84.14612512979345
-84.15829742756607
-84.17035536533402
-84.18229942099171
-84.19413008931022
-84.20584788172916
-84.21745332609169
-84.22894696633263
-84.24032936212596
-84.25160108849798
-84.26276273541191
-84.27381490732857
-84.28475822274702
-84.29559331372882
-84.30632082540968
-84.3169414155015
-84.32745575378425
-84.33786452159418
-84.3481684113074
-84.35836812582197
-84.36846437803815
-84.37845789034064
-84.38834939408265
-84.39813962907218
-84.40782934306291
-84.41741929125003
-84.42691023577206
-84.43630294521847
-84.44559819414403
-84.45479676259298
-84.46389943562856
-84.4729070028727
-84.48182025805413
-84.4906399985665
-84.49936702503588
-84.50800214089753
-84.51654615198409
-84.52499986612268
-84.53336409274436
-84.54163964250267
-84.54982732690317
-84.55792795794505
-84.565942347772
-84.57387130833479
-84.58171565106488
-84.58947618655884
-84.59715372427297
-84.60474907222947
-84.61226303673385
-84.61969642210084
-84.62705003039297
-84.63432466116889
-84.64152111124109
-84.64864017444492
-84.65568264141689
-84.66264929938299
-84.66954093195693
-84.67635831894711
-84.68310223617242
-84.68977345528953
-84.69637274362596
-84.70290086402395
-84.70935857469222
-84.71574662906562
-84.72206577567304
-84.7283167580133
-84.734500314439
-84.74061717804634
-84.74666807657411
-84.75265373230843
-84.75857486199423
-84.76443217675386
-84.77022638201161
-84.77595817742525
-84.78162825682205
-84.78723730814147
-84.79278601338407
-84.79827504856391
-84.80370508366708
-84.80907678261634
-84.81439080323888
-84.81964779723842
-84.82484841017384
-84.82999328144071
-84.83508304425555
-84.84011832564612
-84.84509974644509
-84.85002792128668
-84.85490345860597
-84.85972696064334
-84.86449902345049
-84.86922023690022
-84.87389118469875
-84.87851244440029
-84.88308458742489
-84.88760817907861
-84.89208377857622
-84.89651193906492
-84.90089320765115
-84.90522812542854
-84.90951722750901
-84.91376104305459
-84.91796009531069
-84.92211490164219
-84.92622597356886
-84.93029381680451
-84.93431893129586
-84.93830181126262
-84.94224294523978
-84.94614281611928
-84.95000190119389
-84.95382067220172
-84.95759959537168
-84.96133913146816
-84.96503973583874
-84.96870185846117
-84.97232594399098
-84.97591243180933
-84.97946175607181
-84.98297434575821
-84.98645062472109
-84.98989101173514
-84.99329592054866
-84.99666575993201
-85.00000093372891
-85.0033018409061
-85.00656887560437
-85.00980242718948
-85.01300288030225
-85.0161706149086
-85.01930600635139
-85.02240942539997
-84.92548123830102
-66.01126345244423
15.590381570017597
35.68295673885185
35.9790466248117
35.87499442741286
35.63501064230758
34.83417625103462
31.839281797427123
29.316134710449617
27.570373868299647
26.343550319101563
25.46796235290064
24.839810006914195
24.390262052630092
24.071122719545887
23.847565902251382
23.694039744269556
23.591688454037055
23.526590430887257
23.488497335441416
23.46991629236203
23.465446039092967
23.471312836785458
23.48507459455542
23.505476598061893
23.53243067293248
23.56695706644414
23.610444564771203
23.662157406475256
23.71670337376614
23.76661249149237
23.807058068813074
23.836539407270493
23.855338021476932
23.86437599544685
23.864724829563652
23.857428037332387
23.843443457082564
23.823629711014675
23.798748682571723
23.76947329600359
23.736396490873677
23.700039881005278
23.66086161638046
23.619263364292504
23.57559646805639
23.530167381707155
23.48324248070726
23.435052337486685
23.385795536749217
23.335642092536148
23.284736518090817
23.233200590680816
23.18113584644239
23.12862583468506
23.07573815662741
23.02252630996988
22.969031357849346
22.915283438398856
22.861303129239218
22.807102679659884
22.75268712193419
22.69805527210556
22.643200629631206
22.588112184449763
22.532775139319877
22.477171554641934
22.42128092240743
22.365080675409022
22.308546637379784
22.251653419304542
22.19437476675572
22.136683862742597
22.078553590227926
22.01995675815095
21.960866294504243
21.901255409736386
21.84109773349698
21.780367427499097
21.719039277049013
21.65708876358226
21.59449212034678
21.53122637318966
21.46726936823078
21.40259978804645
21.337197157835593
21.271041842902257
21.204115038659108
21.136398754236236
21.06787579067053
20.99852971454767
20.928344827875815
20.857306134884087
20.785399306359864
20.71261064206729
20.638927031723593
20.56433591495012
20.488825240560985
20.412383425503275
20.33499931371862
20.256662135155466
20.17736146512701
20.09708718417605
20.01582943858102
19.9335786016109
19.850325235614854
19.766060055012034
19.6807738902299
19.594457652623344
19.50710230039415
19.418698805517987
19.329238121676696
19.238711153183864
19.147108724885342
19.0544215530092
18.96064021693512
18.865755131847397
18.76975652223383
18.672634396188407
18.574378520473825
18.474978396298336
18.374423235759394
18.27270193890628
18.16980307137242
18.065714842528692
17.96042508410807
17.853921229252414
17.746190291932365
17.637218846692107
17.52699300867031
17.415498413850045
17.302720199490956
17.188642984697175
17.073250851075823
16.956527323441087
16.838455350520753
16.7190172856213
16.59819486720975
16.47596919937085
16.352320732098708
16.227229241383377
16.100673809053106
15.972632802334624
15.843083853093665
15.712003836719932
15.579368850620945
15.44515419229073
15.309334336920195
15.17188291451749
15.032772686508023
14.891975521785588
14.749462372187933
14.605203247371744
14.459167189065752
14.311322244682104
14.161635440270642
14.010072752804204
13.856599081787627
13.701178220188677
13.54377282469527
13.384344385310392
13.222853194304895
13.059258314557331
12.89351754732201
12.725587399478755
12.555423050333122
12.38297831805202
12.208205625840277
12.031055967984786
11.85147887591875
11.669422384487158
11.484832998626212
11.297655660706255
11.107833718828529
10.915308896411036
10.72002126344909
10.52190920989122
10.320909421632491
10.116956859691223
9.909984743207444
9.69992453697433
9.486705944293137
9.270256906021382
9.050503606763778
8.82737048923212
8.600780277870737
8.370654012902007
8.136911095986282
7.8994693487048355
7.658245085051395
7.413153199046711
7.164107268455084
6.911019675365829
6.653801744084232
6.392363896333776
6.126615823178691
5.856466672306253
5.581825248335615
5.302600222618153
5.018700347544836
4.73003466866587
4.436512725958573
4.138044733371254
3.8345417233681225
3.525915640678696
3.2120793669253427
2.8929466554176932
2.5684319533523152
2.2384500871659583
1.9029157861102608
1.5617430194975954
1.2148441247381492
0.8621287064185791
0.5035022913346727
0.13886473052041037
-0.23189165331258996
-0.6088841663162874
-0.9922420769980237
-1.382109159759224
-1.778646419159362
-2.1820349616296064
-2.592478980949746
-3.010208828058489
-3.4354841458556926
-3.8685970667191225
-4.3098754954145075
-4.7596865329765174
-5.218440135699512
-5.686593140124451
-6.1646538027518165
-6.653186970911362
-7.152819874358982
-7.664248265640321
-8.188242249157465
-8.72565073664981
-9.277403274018988
-9.844508219605586
-10.428046927989678
-11.029164419358379
-11.649057584424066
-12.28896205970931
-12.950138585280145
-13.633859184870989
-14.341393124981904
-15.073992430530945
-15.832876764527805
-16.619217667015903
-17.434122432244543
-18.27861822913299
-19.153637395560796
-20.060005125176602
-20.99843098216802
-21.96950579279216
-22.97370544527886
-24.011402964390044
-25.082889909803306
-26.188407690498764
-27.32818881403809
-28.502507423253114
-29.711737713215886
-30.956417907150346
-32.23731622752658
-33.55549342266823
-34.91235377732145
-36.30967528313271
-37.749622362598906
-39.234806174639026
-40.76855263721686
-42.35535971229735
-44.00102680669727
-45.71219988370012
-47.495724087301916
-49.35797785921339
-51.30399831181675
-53.336177335333616
-55.45241085958345
-57.64377419567354
-59.89213926914779
-62.16861252593648
-64.43398197512091
-66.64204700500404
-68.74554527954774
-70.70297009948851
-72.48400123222093
-74.07203232447714
-75.46368277523584
-76.66622610413216
-77.69416032458444
-78.56590238562447
-79.30115881185152
-79.91913809716512
-80.43752076656294
-80.87199455420742
-81.23615350525746
-81.54160032323122
-81.79814323594013
-82.01402275078611
-82.19613435635121
-82.3502318926564
-82.48110647490736
-82.59274080984316
-82.68844084000911
-82.77094732753267
-82.84253003163913
-82.90506693269789
-82.96011068429114
-83.00894420251753
-83.05262705095231
-83.09203405496018
-83.12788737930899
-83.16078312611594
-83.19121335407026
-83.2195842829556
-83.24623132821526
-83.27143150719095
-83.29541367018469
-83.3183669341274
-83.34044763283912
-83.36178504417101
-83.38248610935928
-83.40263932241042
-83.42231793617081
-83.44158260590181
-83.46048356982114
-83.47906244844543
-83.49735373004206
-83.51538599754102
-83.53318294242679
-83.55076420303894
-83.56814605807511
-83.58534200062893
-83.60236321361344
-83.61921896373934
-83.63591692818666
-83.65246346562836
-83.66886384121257
-83.68512241343181
-83.70124278942275
-83.71722795410223
-83.73308037760282
-83.74880210470228
-83.76439482930179
-83.77985995648108
-83.7951986542245
-83.81041189655583
-83.825500499519
-83.84046515120049
-83.85530643678608
-83.8700248594726
-83.88462085792237
-83.89909482082793
-83.91344709906204
-83.9276780158074
-83.94178787499419
-83.95577696831947
-83.96964558107871
-83.9833939969983
-83.9970225022291
-84.01053138863556
-84.02392095649034
-84.03719151666796
-84.05034339241769
-84.06337692077706
-84.07629245368635
-84.08909035884624
-84.10177102035915
-84.11433483918783
-84.12678223345625
-84.13911363862067
-84.1513295075251
-84.16343031036288
-84.17541653455493
-84.18728868456067
-84.19904728162747
-84.21069286349142
-84.22222598403462
-84.23364721290692
-84.24495713511641
-84.25615635059538
-84.2672454737443
-84.27822513295844
-84.2890959701404
-84.29985864020094
-84.31051381055151
-84.32106216058887
-84.3315043811767
-84.34184117412296
-84.35207325165673
-84.3622013359044
-84.37222615836832
-84.38214845940674
-84.39196898771817
-84.40168849982966
-84.41130775959132
-84.42082753767554
-84.43024861108314
-84.43957176265825
-84.44879778060933
-84.45792745804017
-84.46696159248826
-84.47590098547263
-84.48474644205271
-84.49349877039458
-84.50215878134965
-84.51072728804225
-84.5192051054674
-84.52759305010102
-84.53589193951902
-84.54410259202848
-84.5522258263088
-84.56026246106447
-84.56821331468949
-84.57607920494044
-84.58386094862314
-84.5915593612891
-84.59917525694208
-84.6067094477565
-84.61416274380635
-84.62153595280382
-84.628829879849
-84.63604532719064
-84.64318309399536
-84.65024397612746
-84.65722876594009
-84.66413825207337
-84.67097321926407
-84.6777344481636
-84.68442271516533
-84.69103879224032
-84.69758344678269
-84.70405744146294
-84.71046153408906
-84.71679647747601
-84.723063019324
-84.72926190210273
-84.7353938629439
-84.74145963354104
-84.74745994005616
-84.75339550303258
-84.75926703731541
-84.76507525197762
-84.77082085025205
-84.77650452947034
-84.78212698100646
-84.78768889022646
-84.79319093644364
-84.79863379287788
-84.80401812662117
-84.80934459860674
-84.81461386358382
-84.81982657009617
-84.82498336046466
-84.83008487077458
-84.83513173086575
-84.84012456432777
-84.84506398849769
-84.84995061446132
-84.85478504705745
-84.8595678848861
-84.86429972031928
-84.86898113951362
-84.87361272242721
-84.87819504283789
-84.88272866836448
-84.88721416048999
-84.89165207458674
-84.89604295994427
-84.9003873597985
-84.90468581136301
-84.90893884586178
-84.91314698856492
-84.9173107588232
-84.92143067010576
-84.92550723003967
-84.92954094045005
-84.93353229740053
-84.937481791236
-84.94138990662553
-84.945257122607
-84.9490839126322
-84.95287074461231
-84.95661808096467
-84.96032637866034
-84.96399608927136
-84.96762765901934
-84.97122152882432
-84.97477813435351
-84.9782979060717
-84.98178126929052
-84.98522864421943
-84.98864044601565
-84.99201708483484
-84.99535896588229
-84.99866648946306
-85.00194005103394
-85.00518004125368
-85.00838684603441
-85.01156084659327
-85.01470241950231
-84.91781193673988
