-84.14110408602612
-84.15437421182584
-84.1675150523481
-84.18052719881813
-84.19341126253974
-84.20616787451353
-84.2187976850042
-84.23130136306484
-84.24367959602631
-84.2559330889552
-84.16806256408762
-65.32121798524346
-8.287538082063298
26.378391200543348
27.909635898566233
28.851507352815766
29.43137114789411
29.699521462153914
29.122057706601492
27.676025117764066
26.380085001158697
25.328379289105175
24.475816564271582
23.781085761932246
23.21185822618756
22.742434833963657
22.352185408916686
22.02458288407984
21.746486854400846
21.50754662007865
21.299692655806194
21.11671634145595
20.953944964117905
20.808020929199618
20.67678929859293
20.559242804751555
20.45521342949338
20.36400096084826
20.282183013222333
20.204268795390593
20.12608457455246
20.045840676061935
19.963155797453716
19.878196578384422
19.791301858190288
19.702846255810393
19.613191091723763
19.522666916610557
19.431568184178985
19.340152789520527
19.248643558054354
19.157230469962037
19.06607310698377
18.975303107178632
18.885026541455154
18.795326180181405
18.706263640684732
18.61788141518691
18.530204781702718
18.443243601143493
18.356994003802974
18.2714399681628
18.186554794766167
18.10230247782747
18.01863897727388
17.935513394026408
17.852869051495514
17.770644486463937
17.688774352736726
17.6071902411385
17.5258214196196
17.444595497386835
17.36343901709686
17.282277979235538
17.201038302858354
17.11964622687814
17.038028656067453
16.956113455888506
16.873829700181105
16.791107875630722
16.707880046806928
16.624079985413253
16.539643267223386
16.45450734000216
16.368611565523608
16.281897238607456
16.194307585901054
16.10578774693988
16.0162847398267
15.925747413681025
15.834126389826405
15.74137399350663
15.647444177751439
15.552292440851911
15.455875738752288
15.358152393522737
15.259081998943183
15.158625324104085
15.056744215815465
14.953401500509816
14.848560886227743
14.7421868651871
14.634244617358048
14.524699915392766
14.413519031196246
14.300668644366134
14.186115752679761
14.069827584761777
13.95177151502676
13.831914980958391
13.710225402757647
13.58667010536855
13.4612162428701
13.333830725206932
13.20448014721873
13.073130719918813
12.939748203966605
12.804297845274904
12.6667443126919
12.527051637700305
12.385183156079563
12.241101451483877
12.094768300897417
11.946144621939629
11.79519042200599
11.6418647492461
11.486125645398333
11.32793010052121
11.167234009684012
11.003992131704791
10.838158050052561
10.669684136060612
10.498521514632717
10.324620032659816
10.14792823040541
9.968393316159599
9.785961144507644
9.600576198606145
9.41218157690985
9.220718984842865
9.026128731959249
8.828349735188084
8.627319528805504
8.422974281818625
8.215248823480483
8.004076677677634
7.789390106938586
7.5711201667954375
7.349196771186636
7.123548769507302
6.89410403578581
6.660789570279701
6.423531613529327
6.182255772567825
5.9368871585498635
5.68735053451077
5.433570471289033
5.175471508826308
4.912978319088067
4.646015865721061
4.374509554284091
4.09838536546695
3.817569962177307
3.531990759768206
3.2415759470617584
2.946254444280955
2.64595578263458
2.340609889234072
2.0301467603933547
1.714496006316722
1.393586250852304
1.0673443714944628
0.7356945672298612
0.3985572451524657
0.05584772095335095
-0.29252526673366763
-0.6466612228437814
-1.0066697325817995
-1.372672452632344
-1.7448052370799014
-2.1232203755788026
-2.508088920722741
-2.899603083681465
-3.297978682660853
-3.703457638278664
-4.116310524137158
-4.53683920002699
-4.965379578754957
-5.402304602970705
-5.84802752901494
-6.303005617592624
-6.767744294471899
-7.242801741260427
-7.728793687013443
-8.226397910682085
-8.736357709581451
-9.259483475886066
-9.796651675980563
-10.348800950691178
-10.91692558619362
-11.502067007699084
-12.105304066763306
-12.727742742486603
-13.37050559175022
-14.034721013084246
-14.721512225008615
-15.431985827862936
-16.167219900365385
-16.928251744471453
-17.71606560042916
-18.53158087913202
-19.375641676167895
-20.24900851877518
-21.15235343170132
-22.086259470763505
-23.051225847486418
-24.047679644782598
-25.07599490130038
-26.136519529008886
-27.229610139139762
-28.35567439810095
-29.515220012695757
-30.708908806399606
-31.937613472050852
-33.202473245954856
-34.5049427525668
-35.84682648128058
-37.230296134294946
-38.65792153974612
-40.13282691043992
-41.65906330334935
-43.24190872304487
-44.88767214812996
-46.60315844379855
-48.39508980676217
-50.26941753458153
-52.23031026527754
-54.278650042165815
-56.40998636220386
-58.61213463880104
-60.86300291129484
-63.129674020816715
-65.36989119206453
-67.53645352680769
-69.58367380529734
-71.47385328571202
-73.18167808733025
-74.69555148232354
-76.01621522390089
-77.1537650808207
-78.12421796188278
-78.94644796324911
-79.63988553362513
-80.22303809901454
-80.71269697103536
-81.12362881940322
-81.46856373019891
-81.75833916330964
-82.00210921237746
-82.20756781216353
-82.38116045264515
-82.52827403479074
-82.65340232409055
-82.76028802542294
-82.85204383895869
-82.93125514766335
-83.00006685369607
-83.06025661427637
-83.11329644604903
-83.1604044095829
-83.20258785939546
-83.24067954672806
-83.27536768760584
-83.30722095391903
-83.33670920801096
-83.36422067999547
-83.39007618059442
-83.41454084958326
-83.437833859857
-83.46013642848058
-83.48159842767463
-83.50234383927932
-83.52247525468003
-83.54207758739449
-83.56122113649933
-83.57996411496238
-83.59835473694439
-83.61643294159532
-83.63423181720415
-83.65177877829247
-83.6690965389517
-83.6862039180829
-83.70311650589814
-83.71984721587017
-83.73640674205309
-83.7528039381958
-83.76904613218797
-83.78513938700253
-83.8010887173513
-83.81689826966023
-83.8325714716478
-83.84811115670021
-83.86351966733604
-83.8787989413134
-83.89395058331937
-83.90897592467786
-83.92387607309234
-83.93865195409853
-83.9533043456118
-83.9678339067267
-83.98224120171972
-83.99652672005365
-84.0106908930439
-84.02473410773648
-84.03865671845531
-84.05245905639981
-84.06614143761175
-84.0797041695747
-84.09314755666735
-84.10647190465713
-84.01967752438492
-65.2304269019163
-19.030081370792168
22.24982594546941
24.170878398463824
25.487841507026904
26.38263636478151
26.887903466887856
26.503308362211516
25.41345484371588
24.398653611593133
23.539224999482425
22.816989121927186
22.209390581392917
21.69631993089266
21.260446075425058
20.887134791292905
20.564276649698737
20.28203047327773
20.03251809144067
19.80951455092595
19.608168872494762
19.424780065769667
19.25664709266856
19.102003087836387
18.959988369407938
18.830364986870514
18.712261389644045
18.60245453803096
18.49639429534723
18.390936759802063
18.28482661790764
18.177816475448033
18.070030210235352
17.961703877243934
17.853093467905172
17.744441466606744
17.635964703845335
17.527850565056358
17.420256675159205
17.313312060687352
17.2071189260891
17.101754659532453
16.997273893849194
16.893710542538976
16.79107977339848
16.68937990171133
16.58859419380828
16.488692575988633
16.389633245922056
16.291364184904538
16.19382457024512
16.096946087821834
16.00065414554713
15.904868989147506
15.80950672228229
15.71448023359926
15.619700033836095
15.525075006520602
15.430513076194861
15.33592179838645
15.241208875774484
15.146282605152615
15.05105225987894
14.955428412530349
14.859323202450424
14.762650552805955
14.665326341648386
14.567268531326727
14.468397260417627
14.368634902137225
14.267906092981152
14.166137735109674
14.06325897575896
13.959201166720971
13.8538978066968
13.747284469094181
13.63929871761268
13.529880011740433
13.418969604076954
13.306510431198292
13.192446999594099
13.076725268031842
12.95929252754208
12.840097280070054
12.71908911670288
12.596218596257614
12.47143712490466
12.34469683740067
12.215950480416833
12.0851512983703
11.95225292209876
11.817209260660094
11.679974396489477
11.540502484106124
11.398747652528378
11.254663911531312
11.108205061862343
10.959324609519218
10.8079756841889
10.654110961946751
10.49768259232174
10.338642129844137
10.176940470208978
10.012527791209369
9.84535349861851
9.675366177228538
9.502513547286926
9.326742426606073
9.147998698659807
8.966227287018848
8.781372136517282
8.593376201579805
8.402181442175225
8.207728827892828
8.009958350661144
7.808809046642046
7.604219027831177
7.39612552387535
7.184464934572064
6.9691728934402235
6.750184342635986
6.527433619325729
6.300854553409392
6.070380576201718
5.835944839315558
5.597480342539139
5.3549200689464325
5.108197124819798
4.857244881187015
4.601997112878974
4.342388130003137
4.078352895609017
3.809827122117295
3.536747337823515
3.259050913516325
2.976676038028648
2.6895616304420824
2.3976471757807776
2.1008724704601116
1.7991772636022578
1.492500780700502
1.1807811170944795
0.8639544903764939
0.5419543432079381
0.21471029106278444
-0.1178530869601875
-0.45581761205900134
-0.7992730179270741
-1.1483186006089234
-1.5030649916716947
-1.8636360374749052
-2.2301707657109224
-2.602825420496664
-2.98177554958914
-3.3672181322530803
-3.7593737444117172
-4.158488769372986
-4.56483767780654
-4.978725419222748
-5.400489986928436
-5.8305052343481565
-6.269184023077065
-6.716981756532568
-7.174400277897024
-7.6419919718515965
-8.120363712981721
-8.61018009845024
-9.112165281796242
-9.627102786896867
-10.155832956637525
-10.699248093299682
-11.258285710154329
-11.833920493481868
-12.427155536050076
-13.039013217307348
-13.670525883248335
-14.322726308785747
-14.996637848932057
-15.693264203871648
-16.41357881782127
-17.158514077267807
-17.928950647077215
-18.725707462598294
-19.549533064008557
-20.40109909856346
-21.280996910631213
-22.18973817350962
-23.12776047947165
-24.095438689167782
-25.09310264925441
-26.12106162564641
-27.179635481082506
-28.26919225964778
-29.390191424030206
-30.543231488531426
-31.72910010980641
-32.94882366765587
-34.203711815542555
-35.4953908241166
-36.825821468225776
-38.197316991898056
-39.61263699790532
-41.07526961972664
-42.589781446790354
-44.16182142570729
-45.797717164812
-47.50396701814836
-49.28669616313076
-51.15091404000073
-53.09939818692755
-55.13109833389406
-57.23909255381081
-59.40839141780441
-61.61427139403428
-63.822143848683396
-65.98985832109229
-68.07251545016088
-70.02861688871546
-71.82558886340303
-73.44303502883064
-74.8732042577032
-76.11923797797634
-77.19224630132136
-78.10818973341064
-78.8852042560566
-79.54164386609067
-80.09484656112522
-80.56048644221109
-80.9523333635811
-81.28226065429318
-81.56038347893094
-81.79525234648123
-81.99405854373708
-82.16282957513505
-82.30660525468377
-82.42959180448041
-82.53529453707246
-82.62663103344069
-82.70602712684202
-82.7754979807374
-82.83671636284608
-82.89106998374285
-82.93970953526863
-82.98358884826982
-83.02349839513784
-83.06009319011018
-83.09391598792661
-83.12541654760437
-83.15496761124679
-83.18287814644347
-83.20940431348349
-83.23475854382909
-83.25911705266917
-83.28262605452193
-83.30540690549785
-83.32756035779461
-83.34917008019693
-83.37030557186031
-83.39102457463765
-83.41137507093526
-83.43139693895552
-83.45112332466796
-83.47058177950653
-83.48979520425478
-83.50878263252493
-83.52755988143204
-83.5461400922554
-83.56453417992975
-83.58275120694357
-83.60079869452304
-83.6186828817622
-83.636408941523
-83.65398116041196
-83.67140308888976
-83.68867766653456
-83.70580732662194
-83.72279408347859
-83.73963960548154
-83.75634527608406
-83.7729122448555
-83.78934147017901
-83.80563375498326
-83.82178977664844
-83.83781011204074
-83.8536952584674
-83.86944565121358
-83.8850616782167
-83.90054369233621
-83.91589202160569
-83.93110697778835
-83.94618886350875
-83.96113797818228
-83.97595462293286
-83.99063910465956
-84.00519173938021
-84.01961285496813
-84.03390279337329
-84.0480619124075
-84.06209058715886
-84.07598921109373
-84.08975819688989
-84.10339797704397
-84.11690900428503
-84.13029175182324
-84.14354671345838
-84.15667440356776
-84.16967535699108
-84.18255012882989
-84.19529929416984
-84.1079234477413
-65.27335275732271
-10.819723314261125
25.377245175792012
27.01758253246496
28.058739410351954
28.71766964687623
29.035453631227096
28.444717161786826
27.076538355290424
25.858558662620535
24.86289740754013
24.050020282102167
23.383384803388086
22.833824993262837
22.377824279284578
21.996335995327858
21.67401755766018
21.398626281702334
21.160492677168847
20.952060065873678
20.767498924036452
20.60240676363345
20.45360435324023
20.319034097806547
20.19771492832319
20.089461171609628
19.993589455312353
19.90682750742102
19.823933081925425
19.740931056077248
19.65612395979422
19.569152841234427
19.480176303864067
19.389514338154402
19.29751963708914
19.20453139059465
19.110858831742565
19.01677622314689
18.922522447798727
18.828302461231505
18.734289455194848
18.640627242881248
18.5474326581914
18.454797883756594
18.36279267501265
18.27146646970651
18.180850381058658
18.090959076029673
18.001792541106795
17.91333773817777
17.825570153001355
17.738455238735575
17.651949757019008
17.566003019218048
17.480558030635017
17.395552540692663
17.310920002350095
17.226590444240543
17.14249125924162
17.058547913381084
16.974684579140284
16.890824697337454
16.806891471853703
16.722808301504806
16.638499153363025
16.553888881798006
16.46890349743682
16.383470390144616
16.297518510002217
16.210978510110206
16.123782854883753
16.03586589732286
15.947163928552865
15.857615202732106
15.767159940222815
15.675740311718007
15.583300405815226
15.489786182329675
15.395145413445276
15.29932761461528
15.202283966944176
15.103967232611618
15.004331664737323
14.903332912933715
14.800927925650628
14.697074850284427
14.591732931901404
14.484862411313165
14.376424423139108
14.26638089439686
14.15469444407821
14.04132828409073
13.9262461218781
13.80941206497143
13.690790527670451
13.570346140006798
13.448043659101106
13.32384788299103
13.197723566977569
13.06963534251312
12.939547638634169
12.807424605926522
12.673230042999101
12.536927325434286
12.39847933717849
12.257848404335439
12.114996231326272
11.969883839386124
11.822471507373823
11.672718714882505
11.520584087651983
11.366025345300471
11.208999251411171
11.049461566031844
10.887367000669787
10.722669175891884
10.555320581669879
10.385272540644923
10.212475174520334
10.036877373832283
9.858426771388736
9.677069719712149
9.49275127286756
9.305415173105802
9.115003842801052
8.921458382210387
8.72471857362944
8.524722892563366
8.321408526568458
8.114711402449666
7.904566222514016
7.690906510579963
7.473664668416364
7.252772043231464
7.028159006738495
6.799755046184489
6.567488867529773
6.33128851069705
6.091081476455881
5.846794864058256
5.59835551817987
5.34569018303571
5.088725660716172
4.8273889698237795
4.561607499378183
4.291309151702468
4.016422466623977
3.7368767178463145
3.4526019708195097
3.1635290899187956
2.869589681318672
2.5707159567220756
2.266840502193737
1.957895935882513
1.6438144385328546
1.3245271415044724
0.9999633586425876
0.6700496508221733
0.3347087153279558
-0.006141903653872627
-0.3525912824328736
-0.7047367570297476
-1.0626857230675781
-1.4265575805554078
-1.7964858040595466
-2.1726201164941235
-2.5551287445226425
-2.944200735941077
-3.3400483250229547
-3.742909341266422
-4.153049670834725
-4.570765798454744
-4.996387479988007
-5.430280619691162
-5.8728504448776
-6.324545071619711
-6.785859517928498
-7.257340120366158
-7.739589129048183
-8.2332690099466
-8.739105745883908
-9.257890324780048
-9.790477749367813
-10.337783299377904
-10.900776275568685
-11.48047183534737
-12.077921648095087
-12.694203964435497
-13.330413429716558
-13.987650716271087
-14.667011889572239
-15.369577386433606
-16.09640055429009
-16.848495848568344
-17.626826978486754
-18.432295502919313
-19.265730583868553
-20.12788078444423
-21.019408930860724
-21.94089112506198
-22.892820980559325
-23.87562004908421
-24.88965520785569
-25.93526349341917
-27.012784511260286
-28.122600133637647
-29.265180721379927
-30.4411365351271
-31.651272239593226
-32.89664125931308
-34.178594997084716
-35.498819969262435
-36.85935777342104
-38.26262478561786
-39.711516808244525
-41.209720439773065
-42.76207683858529
-44.37454223084358
-46.0537251041194
-47.806331486626526
-49.638554121318556
-51.555214123463756
-53.55847070138129
-55.646004565964425
-57.808760201526276
-60.028661227869534
-62.27714993250469
-64.51568086861009
-66.69897944073531
-68.7807696020406
-70.7203389570371
-72.4877800964363
-74.06646354368574
-75.45262136223914
-76.6529137627022
-77.681141883059
-78.55505040368286
-79.29376059602828
-79.916005985157
-80.43910039053335
-80.87845887779869
-81.24747925791371
-81.55762795321792
-81.81862306215827
-82.0386500669153
-82.22457579447395
-82.38214485829148
-82.51615307642689
-82.63059743039233
-82.72880430280092
-82.81353845075641
-82.88709523625275
-82.95137844643092
-83.00796577668638
-83.05816378986289
-83.10305392771843
-83.14353094019916
-83.18033491174852
-83.21407789902443
-83.24526604862446
-83.27431793497067
-83.30157974596823
-83.32733784614004
-83.35182916239899
-83.3752497651414
-83.39776195564218
-83.41950011851067
-83.4405755540058
-83.46108046817484
-83.48109126802885
-83.50067128338667
-83.51987301577832
-83.53873999722076
-83.55730832714092
-83.5756079437165
-83.5936636760097
-83.61149611510906
-83.62912233577431
-83.64655649454845
-83.6638103257419
-83.68089355294612
-83.6978142306441
-83.71457902794305
-83.73119346435958
-83.74766210586297
-83.7639887279581
-83.78017645141674
-83.79622785530033
-83.8121450711157
-83.82792986128683
-83.84358368458403
-83.8591077506942
-83.87450306575114
-83.88977047033264
-83.90491067117404
-83.91992426764273
-83.93481177383507
-83.94957363701879
-83.96421025301932
-83.97872197904849
-83.9931091443931
-84.00737205930982
-84.02151102241622
-84.03552632682012
-84.049418265189
-84.06318713392827
-84.07683323660926
-84.09035688676758
-84.10375841016842
-84.01703814662288
-65.21610865180303
-17.081217433961516
22.94986598651751
24.821036509448163
26.083747160041746
26.928184924316525
27.382977854244285
26.900767426539183
25.741830727548486
24.687870283633952
23.80486084372491
23.068810663191606
22.45395151740854
21.938155537274643
21.50274198537262
21.132139577185242
20.813572763603954
20.536720054026993
20.29335429049777
20.07699636362756
19.882610722673167
19.7063634870944
19.545459450140196
19.398067325275665
19.26329102574348
19.140903500237076
19.030122434588645
18.9277856969383
18.82918678695914
18.73094716737934
18.631683818916624
18.53111936823412
18.42939030336805
18.326759008469484
18.223511002400816
18.119917928483883
18.016224255046932
17.912643195184643
17.809356413129713
17.706515310456496
17.604242948450242
17.50263619241752
17.401767894421717
17.301689033258587
17.20243077605504
17.104006446063813
17.006413390090135
16.909634742865997
16.81364108743842
16.718392011528362
16.623837560394996
16.52991958722283
16.436573002519893
16.34372692448379
16.251305732756183
16.159230028429583
16.067417503579886
15.975783723961209
15.88424282881068
15.792708151963652
15.701092768672234
15.609309972653959
15.517273687973564
15.424898820383756
15.33210155272453
15.238799588911238
15.14491235093294
15.050361133142092
14.955069217949488
14.858961956848475
14.761966820488139
14.66401342129681
14.565033511933704
14.464960962617532
14.363731720152972
14.26128375124982
14.157556972508637
14.052493169233083
13.946035905023738
13.838130423912476
13.728723546612278
13.617763562283317
13.505200117054992
13.390984100393688
13.275067530268112
13.157403437938322
13.037945753079061
12.916649189846
12.793469134399022
12.668361534315158
12.541282790250557
12.41218965014689
12.281039106222584
12.147788294942652
12.012394400120964
11.874814559276858
11.735005773342655
11.592924819799206
11.448528169303387
11.301771905864051
11.152611650620079
11.001002489277193
10.846898903267373
10.690254704706586
10.531022975243006
10.369156008908119
10.204605259107494
10.03732128991625
9.867253731875726
9.694351242522728
9.518561471920448
9.339831033499994
9.158105480563227
8.973329288840086
8.785445845535687
8.594397445343347
8.400125293936417
8.2025695194837
8.00166919275587
7.797362356401533
7.589586063965989
7.378276429199803
7.163368686150328
6.944797260441462
6.722495852016114
6.496397529433566
6.266434835570302
6.032539904254434
5.794644586962343
5.552680588207434
5.306579607644937
5.056273486193343
4.8016943526281235
4.542774766131318
4.279447849189844
4.0116474040369265
3.7393080045491156
3.4623650541843385
3.1807547992257033
2.89441428534942
2.6032812444489157
2.3072938978178126
2.006390661331882
1.7005097382856469
1.3895885861387998
1.07356324469925
0.7523675152686139
0.4259319830119525
0.09418287823636574
-0.24295922374851356
-0.5855808601561577
-0.9337772871440058
-1.2876542224180492
-1.6473297077204063
-2.0129360723758443
-2.384621978076317
-2.7625545260975013
-3.1469214116642603
-3.537933116726739
-3.9358251424643913
-4.340860296753533
-4.753331069536455
-5.1735621493713975
-5.601913154063997
-6.038781659894857
-6.484606604518884
-6.9398720890789996
-7.405111495190874
-7.8809116545572975
-8.367916589874945
-8.866830162340694
-9.378416922793376
-9.903500647368059
-10.442960414441707
-10.997724500897936
-11.568762664668938
-12.157077441303699
-12.763694944037987
-13.389655427225172
-14.036003662318123
-14.703779050217578
-15.394005371440368
-16.10768014285806
-16.845763681259353
-17.609168143576508
-18.39874699842892
-19.21528556387443
-20.059493403748338
-20.93199949234474
-21.833351118236585
-22.764017489216215
-23.724398912943236
-24.714842259925877
-25.735663172363463
-26.787175175399142
-27.8697254885895
-28.983736928252025
-30.129754814408603
-31.308497179108425
-32.52090566979868
-33.76819314893633
-35.05188217715199
-36.37382838000292
-37.73623396142469
-39.141703099838736
-40.59345757288451
-42.095707942927625
-43.65380917084858
-45.27395512349677
-46.962671925149166
-48.72629012799644
-50.57027650210153
-52.49823780578203
-54.51046226221606
-56.60197784402491
-58.76033127954852
-60.96365463710398
-63.17996635759732
-65.36871670881129
-67.48496956387842
-69.48539897832318
-71.3342452474331
-73.0073593139895
-74.4934548806921
-75.7928773861638
-76.91487872010802
-77.8744464843936
-78.68943971669952
-79.37840455187163
-79.95913864257872
-80.44789359453473
-80.85903826243042
-81.20501258886969
-81.49644092905064
-81.74231780271758
-81.9502147440804
-82.1264813447414
-82.27642837716786
-82.40448897977518
-82.51435788188122
-82.609110376105
-82.69130332694748
-82.76306055683257
-82.82614478878985
-82.88201809408797
-82.93189255488483
-82.97677262885007
-83.01749050113182
-83.05473552942976
-83.08907872902594
-83.12099310481545
-83.15087051508185
-83.17903564548558
-83.20575757999788
-83.23125937684611
-83.25572599050413
-83.27931082396509
-83.30214114764655
-83.3243225810875
-83.3459427999862
-83.36707460311094
-83.38777845031717
-83.40810456358172
-83.4280946669563
-83.44778342810382
-83.46719965313785
-83.48636727746333
-83.50530618785842
-83.5240329048916
-83.5425611497027
-83.56090231499651
-83.5790658566475
-83.59705961947652
-83.61489010841208
-83.63256271431541
-83.6500819021489
-83.66745136785208
-83.68467416919478
-83.70175283498149
-83.71868945623042
-83.7354857623391
-83.7521431847351
-83.76866291009051
-83.78504592482544
-83.80129305233862
-83.8174049841589
-83.83338230601575
-83.84922551965707
-83.86493506110546
-83.88051131593133
-83.89595463202534
-83.91126533026892
-83.92644371344262
-83.9414900736512
-83.95640469850196
-83.97118787623204
-83.9858398999501
-84.00036107113122
-84.01475170248008
-84.02901212025985
-84.04314266617098
-84.0571436988447
-84.07101559501244
-84.08475875039977
-84.0983735803845
-84.11186052045514
-84.12522002649943
-84.13845257494718
-84.15155866278864
-84.0645388074875
