-84.64330746155936
-84.65076689566222
-84.65814647483117
-84.66544699117993
-84.67266923452048
-84.67981399211486
-84.68688204843663
-84.6938741849434
-84.70079117985925
-84.70763380796625
-84.61440284040609
-65.72161524793427
5.70936786395757
31.915682502816956
32.731777475385634
33.069579100392694
33.176711296762804
32.986416577153065
31.247688005467612
29.137650246749867
27.53134252969762
26.323241734996316
25.401897277639762
24.69261385274653
24.143304153182356
23.715774620560758
23.381222756449098
23.11767858460581
22.90834479837845
22.74040648344299
22.60413327937476
22.4921943977773
22.399145531709173
22.321065215603788
22.255330172845785
22.20051950603665
22.15637451966095
22.123439166996675
22.101441422429403
22.08669230639168
22.07279056859835
22.054764127454355
22.03057342982761
21.999979975520112
21.963449257194547
21.921651311514147
21.875277830905517
21.824979109729743
21.77134459775083
21.71489969594906
21.656108539414216
21.59537876187129
21.53306666657292
21.46948220923348
21.40489359761084
21.339531470724367
21.273592679112568
21.207243705082675
21.140623763523205
21.07384761994165
21.00700815715066
20.940178717031866
20.873415239546002
20.80675821769184
20.740234484360258
20.673858844851864
20.607635567112407
20.541559740382226
20.475618511873286
20.409792210215738
20.344055363701745
20.27837762076439
20.212724579627597
20.147058533632432
20.081339138364807
20.015524006368143
19.94956923491122
19.883429871990295
19.81706032546881
19.750414719994446
19.683447206079002
19.61611222548075
19.54836473678891
19.480160404875953
19.411455757656604
19.34220831336901
19.272376681379495
19.201920639302376
19.13080118902353
19.058980594022852
18.98642240020271
18.91309144225016
18.838953837390733
18.763976968229098
18.688129456218043
18.611381127153162
18.53370296995421
18.45506708986756
18.37544665710482
18.294815851822893
18.213149806249007
18.13042454465941
18.046616921834428
17.961704560533196
17.875665788458594
17.7884795751176
17.700125468922046
17.610583534820936
17.519834292707063
17.427858656796957
17.334637876144065
17.240153476410757
17.14438720299379
17.047320965571334
16.94893678411464
16.84921673638843
16.74814290694444
16.64569733759812
16.541861979364597
16.436618645818932
16.329948967835993
16.221834349658003
16.112255926229935
16.001194521739905
15.888630609295369
15.77454427166454
15.658915163009759
15.541722471537739
15.422944882991638
15.302560544909676
15.180547031575149
15.056881309584137
14.931539703958544
14.804497864734572
14.67573073395663
14.545212513013993
14.41291663025546
14.278815708824435
14.142881534658907
14.005085024605668
13.86539619460296
13.723784127890903
13.580216943214811
13.43466176299327
13.287084681429906
13.137450732556074
12.985723858200256
12.831866875890627
12.675841446707881
12.517608043118601
12.357125916833104
12.19435306674786
12.029246207050248
11.861760735583259
11.691850702590152
11.519468779983788
11.344566231312998
11.16709288262963
10.986997094493503
10.80422573539038
10.618724156879555
10.430436170833023
10.239304029176907
10.045268406599337
9.848268386744984
9.64824145247664
9.445123480845556
9.238848743476309
9.029349913134554
8.81655807730715
8.600402759679373
8.380811950441172
8.157712146387473
7.931028401791485
7.700684391017111
7.466602483788271
7.228703833937185
6.986908482300099
6.741135474200432
6.491302991639759
6.237328499888874
5.979128907612909
5.716620738956497
5.449720315137436
5.1783439420319555
4.902408098969157
4.621829622481945
4.336525877091755
4.046414903356625
3.7514155314293713
3.451447446319199
3.146431189021726
2.8362880758008253
2.5209400163263944
2.2003092102709125
1.8743177015374262
1.542886769725748
1.2059361399120885
0.8633829944468475
0.5151407743146731
0.16111776260036956
-0.19878455141443307
-0.564673322348479
-0.9366664009722474
-1.3148945700760866
-1.6995039399743714
-2.090658476038293
-2.4885426296570747
-2.8933640465223602
-3.305356332996137
-3.7247818734523523
-4.151934709663685
-4.587143517883724
-5.030774749309996
-5.483236031172396
-5.944979948971082
-6.416508326106084
-6.89837705471756
-7.39120137539188
-7.895661235902224
-8.412506021411717
-8.942557672045877
-9.486711177312833
-10.045931780432886
-10.62124885321563
-11.213747030902637
-11.824555537104555
-12.454836583742535
-13.105773418550282
-13.778558220382713
-14.474379771486008
-15.194410731638943
-15.939794392968171
-16.7116309640852
-17.510963671114535
-18.338765231071253
-19.195925517099397
-20.08324146676582
-21.001410457243832
-21.951028459991658
-22.9325942716631
-23.946520984275082
-24.99315560362419
-26.072807359856448
-27.185784795823114
-28.33244118469874
-29.51322721737259
-30.728749164186315
-31.97982971787459
-33.26756721126077
-34.59338666989104
-35.9590743068119
-37.36679342874605
-38.81912057140802
-40.319231025980336
-41.871307569067085
-43.48080725658306
-45.154179721575474
-46.89828021292858
-48.719754845940095
-50.624286384416
-52.61547653874881
-54.69320807918497
-56.85147408257764
-59.07593835216591
-61.34192386989077
-63.61394422193715
-65.84787297932947
-67.99599523414615
-70.01374452080591
-71.86591363391274
-73.53039772836097
-74.99880998140056
-76.27458012397888
-77.36972696150409
-78.301418884282
-79.08904532533565
-79.75210240212473
-80.30888871588931
-80.77584658934546
-81.16734223127094
-81.49570504673343
-81.77139720792451
-82.00323321995428
-82.19860536019235
-82.36369390206183
-82.50365405984687
-82.62277817880182
-82.72463461673404
-82.81218580717494
-82.88788817609613
-82.95377642252859
-83.01153440626467
-83.06255460880375
-83.10798787836063
-83.14878494226365
-83.18573096867927
-83.21947428115881
-83.25055017144264
-83.27940061639266
-83.30639058241324
-83.33182149396733
-83.3559423505137
-83.37895889702742
-83.40104118585535
-83.4223298106193
-83.44294104488696
-83.46297107815239
-83.48249950815698
-83.50159222073724
-83.5203037653069
-83.53867931499336
-83.5567562847047
-83.57456566741007
-83.59213313823183
-83.6094799671498
-83.62662377388737
-83.64357915260192
-83.66035818911479
-83.67697088940609
-83.69342553479352
-83.70972897650365
-83.72588688011272
-83.74190392850025
-83.75778399044755
-83.77353026077122
-83.78914537685667
-83.80463151561462
-83.81999047418712
-83.83522373715748
-83.85033253254213
-83.86531787845585
-83.8801806220143
-83.89492147177344
-83.90954102478496
-83.92403978916117
-83.93841820289435
-83.95267664954925
-83.96681547134223
-83.98083498003582
-83.9947354660069
-84.00851720578255
-84.02218046829364
-84.0357255200524
-84.04915262942762
-84.06246207015921
-84.07565412423574
-84.0887290842345
-84.10168725520727
-84.11452895618606
-84.12725452136544
-84.13986430101129
-84.15235866214145
-84.16473798900864
-84.1770026834189
-84.18915316490987
-84.20118987080994
-84.2131132561957
-84.2249237937651
-84.2366219736365
-84.2482083030865
-84.25968330623563
-84.27104752369029
-84.28230151214727
-84.29344584396661
-84.3044811067198
-84.31540790271542
-84.326226848508
-84.33693857439205
-84.34754372388613
-84.35804295320776
-84.36843693074161
-84.37872633650484
-84.38891186160916
-84.39899420772363
-84.40897408653541
-84.41885221921608
-84.42862933588887
-84.43830617510149
-84.44788348330272
-84.45736201432634
-84.46674252888037
-84.47602579404582
-84.48521258278178
-84.49430367343936
-84.50329984928565
-84.51220189803561
-84.52101061139449
-84.52972678461117
-84.53835121603991
-84.54688470671488
-84.55532805993413
-84.56368208085495
-84.57194757610036
-84.58012535337686
-84.58821622110344
-84.59622098805215
-84.60414046299908
-84.61197545438708
-84.61972677000125
-84.62739521665341
-84.63498159987884
-84.64248672364434
-84.64991139006675
-84.65725639914258
-84.66452254848865
-84.67171063309269
-84.67882144507497
-84.68585577346002
-84.69281440395808
-84.59969811875716
-65.70661905086561
5.6573559030305045
31.854844079305117
32.683864115030254
33.030853356780824
33.14314326057339
32.93815423970434
31.14049977896112
29.040271848308315
27.447888415971384
26.25125881979496
25.33936113215699
24.637983404391765
24.095354989513357
23.67351271989897
23.343839046606057
23.0845181679779
22.87888128288989
22.71421876155589
22.58088425024812
22.47161146942871
22.38100248460369
22.30516458522803
22.2414849772946
22.188533922916086
22.146029609245275
22.114513425141936
22.093814644083434
22.080436538605166
22.068035733655325
22.051538394617427
22.02881112545442
21.999577916558373
21.96429801782755
21.923646438147845
21.878323024436405
21.82898662511297
21.776234716072945
21.72059993159054
21.662552825528046
21.602506700099454
21.540822865426893
21.477815711670896
21.413757389764125
21.348882061416948
21.283389739940624
21.21744976185039
21.151203931041124
21.08476937337563
21.018241134156185
20.951694545810287
20.885187388723775
20.818761864569318
20.752446398620208
20.686257285278156
20.62020018925778
20.554271513453486
20.488459643382644
20.42274607718384
20.357106449400902
20.291511456161373
20.225927688831263
20.160318382774324
20.094644087444905
20.028863263684872
19.962932813768358
19.89680854943368
19.83044560285595
19.76379878524154
19.696822897462944
19.62947299690059
19.561704624412663
19.493473995115203
19.424738156423583
19.355455116581197
19.28558394668304
19.215084858989897
19.143919264126172
19.07204980955659
18.99944040155027
18.926056212659855
18.851863676572687
18.7768304720275
18.700925497337906
18.624118836917823
18.546381721068837
18.467686480161994
18.388006494228147
18.307316138861285
18.22559072823652
18.14280645595168
18.058940334313956
17.973970132614618
17.887874314862568
17.800631977381425
17.7122227866155
17.622626917436317
17.531824992192696
17.439798020704046
17.34652734135768
17.251994563436387
17.156181510772253
17.059070166794672
16.96064262101825
16.86088101699465
16.759767501734487
16.657284176589812
16.553413049575287
16.44813598909362
16.34143467902222
16.23329057510948
16.123684862623318
16.012598415188815
15.90001175474799
15.785905012571686
15.670257891251191
15.55304962759605
15.43425895636368
15.313864074746439
15.191842607541878
15.068171572933805
14.942827348812015
14.815785639561748
14.687021443254391
14.556509019176072
14.42422185563138
14.290132637964513
14.154213216743239
14.016434576055468
13.876766801873176
13.735179050443517
13.591639516672481
13.446115402473641
13.298572885060882
13.148977085172676
12.997292035224081
12.843480647392559
12.687504681655213
12.529324713807311
12.368900103505743
12.20618896239752
12.041148122410448
11.873733104303001
11.703898086592561
11.531595875006012
11.356777872623953
11.179394050920603
10.999392921935053
10.816721511847458
10.631325336274601
10.443148377644093
10.252133065055602
10.058220257090063
9.861349228084036
9.661457658445727
9.45848162965086
9.2523556246198
9.043012534240601
8.830383670862735
8.614398789642902
8.394986118670355
8.17207239883456
7.945582934411833
7.715441655336789
7.481571192077983
7.243892963944467
7.002327281500163
6.756793463538896
6.507209968759805
6.253494541861978
5.995564373227623
5.733336270666205
5.466726840826244
5.195652676830092
4.920030547437419
4.639777581588465
4.354811440524758
4.06505046785378
3.7704138059545667
3.4708214650789553
3.1661943294782873
2.8564540830029297
2.5415230350281948
2.221323826435801
1.8957789949116755
1.5648103792038233
1.2283383433888293
0.8862808047510269
0.5385520526388391
0.18506135058416195
-0.17428868011667878
-0.5396038905601714
-0.9110006364859335
-1.288607994458232
-1.6725701383033567
-2.0630488483749523
-2.460226125031904
-2.864306879938204
-3.275521685303801
-3.6941295728626162
-4.120420892023762
-4.554720260618863
-4.997389671201873
-5.44883184732352
-5.909493968420971
-6.379871880614645
-6.860514854258174
-7.352030802117139
-7.855091614572972
-8.370437935047539
-8.898882413275427
-9.4413104222412
-9.998677536415745
-10.572003677703146
-11.162364471534453
-11.77088072410618
-12.398706916670193
-13.04701931752959
-13.717003940739632
-14.409844299107826
-15.126708780818191
-15.868737519991116
-16.63702879143947
-17.43262519210202
-18.25650013567324
-19.109545449790037
-19.992561098289805
-20.906248228045637
-21.851206835977695
-22.82793934606255
-23.836861264686092
-24.878319842051283
-25.952621315756737
-27.06006686736597
-28.20099690176154
-29.375842664688278
-30.585183505700858
-31.829807148930417
-33.11076891442534
-34.429443703863875
-35.78756250630754
-37.1872295827289
-38.630950688731915
-40.12178963262328
-41.66375523430765
-43.26211720974403
-44.923195929412486
-46.65379524195273
-48.46059621477035
-50.34944132527135
-52.324286952336536
-54.38565573127573
-56.52855018262798
-58.740039786382134
-60.997143504628916
-63.266065672381245
-65.50391751694168
-67.66334330001587
-69.69908225283159
-71.57435810412345
-73.2650485178566
-74.76076123539578
-76.06326341994841
-77.18340404277997
-78.13767413496
-78.94518917191729
-79.62545434684425
-80.19694757422154
-80.67637385687816
-81.07838763194844
-81.4155984341512
-81.69872377121564
-81.936802463266
-82.13741961734239
-82.30691916005799
-82.45059415753536
-82.57285256338868
-82.67735943513564
-82.7671579570015
-82.84477191199768
-82.9122921378095
-82.9714492525697
-83.02367466272801
-83.07015160677501
-83.11185775605772
-83.14960068731376
-83.18404735835004
-83.21574855607226
-83.24515914292434
-83.272654802212
-83.29854587339871
-83.32308877392057
-83.3464954229711
-83.36894101364935
-83.39057042141893
-83.41150348764452
-83.4318393757953
-83.4516601635406
-83.47103380541796
-83.49001657707765
-83.50865509253119
-83.52698796966904
-83.54504720598378
-83.56285931546532
-83.58044626859957
-83.59782626997865
-83.61501440192134
-83.63202315748404
-83.64886288211741
-83.66554213983197
-83.6820680169451
-83.69844637419271
-83.71468205609754
-83.73077906494028
-83.74674070539041
-83.76256970481272
-83.77826831338953
-83.79383838748375
-83.80928145908457
-83.82459879367954
-83.83979143850259
-83.85486026277131
-83.86980599125394
-83.88462923227527
-83.8993305010865
-83.91391023936731
-83.9283688314964
-83.94270661812106
-83.95692390747001
-83.9710209847754
-83.98499812011248
-83.99885557491226
-84.01259360736113
-84.02621247686442
-84.03971244772497
-84.05309379216
-84.06635679276106
-84.07950174448457
-84.09252895624712
-84.10543875218383
-84.11823147262542
-84.13090747483537
-84.14346713354345
-84.15591084130735
-84.16823900872771
-84.18045206453976
-84.19255045559878
-84.20453464677524
-84.21640512077478
-84.22816237789259
-84.23980693571387
-84.25133932876669
-84.26276010813555
-84.27406984104213
-84.28526911039772
-84.29635851433393
-84.30733866571319
-84.31821019162408
-84.32897373286397
-84.339629943413
-84.35017948989997
-84.36062305106351
-84.37096131721016
-84.38119498967049
-84.39132478025567
-84.40135141071627
-84.41127561220232
-84.42109812472694
-84.43081969663648
-84.44044108408421
-84.44996305051099
-84.45938636613417
-84.46871180744222
-84.47794015669871
-84.48707220145602
-84.49610873407572
-84.50505055126044
-84.51389845359671
-84.52265324510506
-84.5313157328024
-84.539886726276
-84.54836703726679
-84.55675747926466
-84.56505886711491
-84.57327201663583
-84.58139774424771
-84.58943686661316
-84.59739020028837
-84.60525856138764
-84.6130427652573
-84.62074362616151
-84.6283619569793
-84.63589856891382
-84.64335427121097
-84.65072987088996
-84.65802617248399
-84.66524397779294
-84.67238408564492
-84.67944729166929
-84.58643438807876
-65.69308410010427
5.615023817011753
31.801120025824954
32.64181567976612
32.99702363998497
33.11382358890912
32.89377873055892
31.04468561451283
28.95373859351555
27.37372798261304
26.18728478805092
25.283791742538718
24.589460884417498
24.05279892458325
23.63604512982082
23.31074488506573
23.05521842847124
22.85291046144986
22.69120441533516
22.56052824303194
22.45367277841836
22.3652812118495
22.29148644095918
22.22968519625322
22.178440178063877
22.137448868632028
22.107247962586094
22.087751289296865
22.075632638909607
22.064606924508716
22.049511410074555
22.028126630909753
22.000141440262198
21.966009033107962
21.926408895709006
21.882048359743784
21.833594154116376
21.781651159874
21.72675869075951
21.669393231689703
21.609973325313216
21.548864912458328
21.486386485936084
21.42281384569823
21.358384413821714
21.29330113096657
21.227735975183332
21.161833145976924
21.09571195254384
21.029469439612104
20.963182779040125
20.896911450807153
20.83069923333395
20.764576020121222
20.69855947735512
20.63265655527735
20.566864864647506
20.501173928446626
20.435566318018452
20.37001868206361
20.304502676251722
20.23898580066668
20.17343215182613
20.107803095598282
20.042057866967415
19.976154102258047
19.910048309112977
19.843696279225025
19.777053448540915
19.710075209387234
19.642717178709415
19.574935426364682
19.506686667166804
19.437928420145678
19.368619138256676
19.29871831155345
19.228186546625615
19.156985624896205
19.085078542177055
19.012429531690657
18.93900407258685
18.864768885810363
18.789691919012725
18.71374232204847
18.636890414449596
18.559107646137363
18.480366552502982
18.400640704870064
18.31990465724258
18.238133890139515
18.15530475222394
18.071394400348378
17.986380738558864
17.900242356528093
17.81295846782323
17.724508848353405
17.634873775289034
17.544033966696826
17.451970522090242
17.358664864057367
17.26409868109307
17.168253871732155
17.071112490052993
16.972656692597546
16.872868686733195
16.771730680463623
16.669224833680623
16.565333210835174
16.46003773499521
16.353320143247633
16.245161943394603
16.1355443718871
16.024448352934186
15.911854458721603
15.797742870670975
15.682093341668075
15.564885159187371
15.44609710923984
15.325707441069774
15.203693832528081
15.080033356049594
14.954702445164132
14.827676861469772
14.698931662008292
14.56844116696959
14.436178927670966
14.30211769475075
14.166229386522806
14.028485057442287
13.888854866637562
13.747308046468595
13.603812871077688
13.45833662490497
13.31084557114816
13.161304920153972
13.009678797737488
12.855930213435583
12.700021028711971
12.541911925143188
12.381562372629299
12.218930597688567
12.053973551912733
11.886646880679338
11.716904892239103
11.544700527321284
11.369985329426974
11.192709416010791
11.012821450785097
10.830268617417875
10.644996594936387
10.456949535193392
10.266070042801438
10.072299157992513
9.875576342916961
9.675839471954095
9.473024826668745
9.267067096110724
9.057899383217334
8.84545321813955
8.629658579368733
8.410443923588275
8.187736225209216
7.961461026565351
7.731542499733365
7.497903520899631
7.260465758106326
7.019149773062654
6.773875137489134
6.524560564155967
6.271124052363273
6.013483047071699
5.751554610205491
5.485255601797867
5.214502867611992
4.939213428636529
4.659304666417744
4.374694496552989
4.085301520856256
3.7910451467499233
3.4918456604044565
3.1876242381270696
2.8783028786122014
2.5638042370585765
2.2440513410040093
1.918967167219354
1.5884740593297346
1.2524929671661402
0.9109424913263111
0.5637377200998681
0.21078885075050469
-0.14800040701049
-0.5127346409743839
-0.8835287485980686
-1.260510133628967
-1.643821063852274
-2.0336211627323983
-2.430090006329884
-2.8334297988178356
-3.243868106064097
-3.6616606379609005
-4.0870940872721
-4.52048905615787
-4.962203130558593
-5.412634193977974
-5.8722240973312285
-6.341462803064133
-6.8208930712344324
-7.311115617505345
-7.812794425773115
-8.326661570018013
-8.85352060595721
-9.39424751595533
-9.949788469677001
-10.52115425117464
-11.109411845099553
-11.715674071370408
-12.341088174142053
-12.986823994362975
-13.654061985088449
-14.343981037053618
-15.057745949331958
-15.796494407539598
-16.561323481815588
-17.353275882239398
-18.173326469595686
-19.02236978115437
-19.90120956589835
-20.810551505060687
-21.751000397272254
-22.723063091868433
-23.727158344518557
-24.763634541875252
-25.832795903504753
-26.93493733651835
-28.07038760954717
-29.23955993323265
-30.44300835079487
-31.681487444582757
-32.956011530240744
-34.267907486212636
-35.618853180166646
-37.0108962870727
-38.44647663846232
-39.928556923746065
-41.4609836794095
-43.04884204204012
-44.69831872194326
-46.41615978977085
-48.20907027381973
-50.08303066528085
-52.04231321275158
-54.08801927330146
-56.21607663808513
-58.41486294984207
-60.66300718210599
-62.92836633672195
-65.16932882331601
-67.3390145728804
-69.39162468300756
-71.28895764713573
-73.00496870788729
-74.52729814119948
-75.85604355602862
-77.00085135210318
-77.9774937964068
-78.80477361005684
-79.50217422386113
-80.08833102322335
-80.58019756538877
-80.99270807420451
-81.33874754975943
-81.62928649490463
-81.87358704542572
-82.07942686602168
-82.25331362977657
-82.40067850892225
-82.52604537004154
-82.6331762683543
-82.72519540327643
-82.80469413553155
-82.87381961685895
-82.93434935697375
-82.98775378356838
-83.03524859066813
-83.07783843370683
-83.11635331823253
-83.15147884141206
-83.18378127925112
-83.2137283657996
-83.24170648199188
-83.26803485977082
-83.29297731034886
-83.31675190243087
-83.3395389455043
-83.36148757344868
-83.38272117333624
-83.40334186209765
-83.42343417852136
-83.44306812878557
-83.46230169944762
-83.48118293174325
-83.49975163446747
-83.51804079903613
-83.53607776906938
-83.55388520756892
-83.57148189713614
-83.58888340240995
-83.60610261875311
-83.62315022697125
-83.64003507037235
-83.65676446760692
-83.67334447237177
-83.68978008912691
-83.70607545237225
-83.72223397572344
-83.7382584759402
-83.75415127616895
-83.76991429192616
-83.78554910274187
-83.80105701188185
-83.81643909615114
-83.83169624744254
-83.84682920740751
-83.86183859639627
-83.87672493761656
-83.89148867730171
-83.90613020154677
-83.92064985035753
-83.93504792937179
-83.9493247196272
-83.96348048569743
-83.97751548245536
-83.99142996068953
-84.00522417175219
-84.01889837139603
-84.0324528229271
-84.04588779978162
-84.05920358761783
-84.07240048599746
-84.08547880972044
-84.09843888986651
-84.11128107458818
-84.124005729694
-84.13661323905136
-84.14910400483814
-84.16147844766584
-84.17373700659219
-84.18588013903934
-84.197908320634
-84.20982204497894
-84.22162182336687
-84.23330818444532
-84.24488167383988
-84.25634285374292
-84.26769230247193
-84.27893061400404
-84.29005839748922
-84.30107627674796
-84.31198488975437
-84.32278488810796
-84.33347693649971
-84.34406171216942
-84.35453990435978
-84.36491221376949
-84.37517935200454
-84.38534204102979
-84.39540101262442
-84.40535700783792
-84.41521077645247
-84.42496307644977
-84.43461467348301
-84.44416634035665
-84.45361885651317
-84.4629730075275
-84.47222958461037
-84.48138938412045
-84.49045320708528
-84.49942185873356
-84.50829614803682
-84.51707688726054
-84.52576489152784
-84.53436097839248
-84.54286596742377
-84.55128067980253
-84.5596059379277
-84.56784256503586
-84.57599138483128
-84.58405322112704
-84.59202889749832
-84.5999192369474
-84.6077250615794
-84.61544719228928
-84.62308644846166
-84.63064364767975
-84.63811960544686
-84.64551513491774
-84.6528310466428
-84.66006814832004
-84.66722724455998
-84.57430913665965
-65.68074270035426
5.571507452534666
31.750494978548204
32.60212254704904
32.965025864523746
33.08603609982376
32.85101779384926
30.957494378632834
28.875589409817714
27.306801901413657
26.129534976854412
25.233586467779908
24.54556322423766
24.0142289236777
23.602009712208243
23.280600541805732
23.028445825618974
22.829093388015888
22.670010912101485
22.541693449746802
22.436983321888114
22.35056077604589
22.278581842543492
22.218452018641674
22.168727493985024
22.129087072420237
22.100061112928522
22.081633778087717
22.07062959738691
22.060821420825185
22.04697010548828
22.02677830146142
21.99990232833925
21.966789485357914
21.928123104100425
21.88461716639893
21.83694544449521
21.78571945040195
21.731484482768035
21.674722341324095
21.615856263820145
21.555256338494893
21.49324473100043
21.430100506351145
21.366064002295044
21.301340775799694
21.236105164327515
21.170503505798965
21.104657057122058
21.0386646455778
20.97260508195725
20.906539359711065
20.840512660581243
20.774556184148796
20.708688816324912
20.642918649902633
20.57724436876722
20.511656506144288
20.44613858627733
20.38066815811603
20.315217728921375
20.24975560512275
20.18424664726852
20.118652945480047
20.052934421431495
19.9870493625261
19.920954893614713
19.85460739129736
19.78796284556092
19.72097717323094
19.653606487450713
19.5858073271466
19.5175368501919
19.448752993742872
19.379414604990057
19.30948154534541
19.238914770869968
19.16767639154079
19.095729711756288
19.023039254290023
18.949570769721152
18.87529123319744
18.800168830224088
18.724172933016742
18.64727406881266
18.569443881397373
18.490655086978066
18.41088142541539
18.33009760771657
18.248279260590728
18.16540286877358
18.081445715742472
17.99638582336469
17.91020189094915
17.82287323410668
17.734379723764647
17.64470172562829
17.55382004033275
17.46171584448641
17.36837063276809
17.273766161205533
17.177884391732675
17.08070743809603
16.982217513157124
16.882396877616966
16.781227790170895
16.678692459086715
16.574772995184986
16.46945136619042
16.362709352412477
16.25452850370622
16.14489009765727
16.033775098930462
15.921164119716394
15.807037381208222
15.691374676037851
15.574155331599844
15.455358174190243
15.334961493887544
15.212943010103505
15.089279837732196
14.963948453827264
14.836924664739103
14.708183573645911
14.577699548415012
14.445446189733964
14.311396299454211
14.17552184909398
14.03779394845096
13.89818281428051
13.756657738999543
13.61318705938268
13.467738125223226
13.320277267938666
13.170769769108299
13.019179828939466
12.865470534668578
12.70960382891411
12.551540478011404
12.391240040372416
12.22866083492964
12.063759909740376
11.896493010847081
11.726814551511545
11.554677581965093
11.380033759843515
11.202833321506185
11.023025054472205
10.840556271243424
10.655372784824564
10.467418886295324
10.276637324837518
10.08296929067277
9.886354401421114
9.686730692450812
9.484034611849777
9.278201020713153
9.06916319950263
8.856852861295629
8.641200172797658
8.422133784038897
8.199580867712212
7.973467169125678
7.743717067735412
7.5102536511812685
7.272998802661477
7.031873302339029
6.786796943257754
6.5376886619444905
6.28446668346674
6.0270486801820375
5.765351942738833
5.499293561045696
5.2287906118998135
4.953760348745397
4.6741203876067186
4.389788881619591
4.100684674781047
3.806727423594832
3.507837673264404
3.203936873070098
2.8949473136765422
2.580791967498937
2.2613942120835806
1.9366774159189868
1.6065643663785276
1.2709765207799866
0.9298330639627144
0.5830497593937478
0.23053758558845014
-0.12779884458487437
-0.49206307763927876
-0.8623688153583446
-1.238842095402973
-1.6216236335592682
-2.0108713005645136
-2.406762704904674
-2.8094978547087783
-3.2193018777251154
-3.6364277892235735
-4.061159314323559
-4.493813794159226
-4.934745233888857
-5.384347581770428
-5.843058354259269
-6.311362725725348
-6.789798155337715
-7.278959493062161
-7.7795042677529045
-8.29215753693727
-8.817715378490963
-9.357046008402232
-9.911087761880466
-10.48084374538695
-11.067373611661033
-11.671783327361844
-12.29521384470388
-12.93882932796376
-13.603805218118643
-14.291316119854615
-15.002523351263386
-15.738562013398381
-16.5005275781841
-17.289462212792554
-18.106341315412607
-18.952060997818403
-19.827427485778706
-20.73314959294075
-21.669835532799983
-22.637995345417824
-23.63805011577136
-24.670348943813497
-25.735194298725805
-26.83287596739988
-27.963713308625575
-29.12810495712332
-30.326584457272606
-31.559879445297984
-32.82897073146555
-34.13514569931451
-35.48003819625765
-36.86564886296127
-38.294363858867
-39.76906621879143
-41.29347257083199
-42.872512351405625
-44.51225264347237
-46.21938188503269
-48.00061370023902
-49.86202708400746
-51.808133117174506
-53.84048202214422
-55.95573270056753
-58.14331553810404
-60.38318383263734
-62.64459609916709
-64.88708353326577
-67.06428351132354
-69.13007591189454
-71.04516357018878
-72.78193396444902
-74.32636761656123
-75.67711570054993
-76.84275467730436
-77.83839427380428
-78.68252638306488
-79.39458197282987
-79.99330748610957
-80.49585408053912
-80.91738659665768
-81.27102108434215
-81.56794234952503
-81.81760280427666
-82.0279447586501
-82.20561618103822
-82.35616670187368
-82.48421966448257
-82.59362038667184
-82.68756261587397
-82.76869572595258
-82.83921521295044
-82.9009388438702
-82.95537055021165
-83.0037538968279
-83.04711671635613
-83.08630828400578
-83.12203021586414
-83.15486210413455
-83.18528275301558
-83.21368774767294
-83.24040397447922
-83.2657016119474
-83.28980402707928
-83.31289593970511
-83.33513015632336
-83.35663312353198
-83.37750950808811
-83.3978459746839
-83.41771430265447
-83.43717395804131
-83.45627421693841
-83.47505591910846
-83.49355291689528
-83.51179327294899
-83.52980025081004
-83.54759313461014
-83.56518790773461
-83.58259781502784
-83.59983382878661
-83.61690503522637
-83.63381895517573
-83.6505818103434
-83.66719874452372
-83.68367400746756
-83.70001110780393
-83.7162129402928
-83.73228189177208
-83.74821992941357
-83.76402867427441
-83.7797094626248
-83.79526339710362
-83.81069138940688
-83.82599419592006
-83.84117244746977
-83.85622667417077
-83.87115732617524
-83.88596479100232
-83.90064940800677
-83.91521148045587
-83.92965128560088
-83.94396908307283
-83.9581651218672
-83.97223964614865
-83.98619290006178
-84.00002513170796
-84.01373659641816
-84.02732755943325
-84.04079829808488
-84.05414910355441
-84.06738028227497
-84.08049215702962
-84.09348506779604
-84.10635937237203
-84.11911544681698
-84.13175368573684
-84.1442745024352
-84.15667832894921
-84.16896561599151
-84.18113683280663
-84.1931924669579
-84.20513302405566
-84.2169590274321
-84.22867101777393
-84.24026955271796
-84.25175520641592
-84.26312856907242
-84.2743902464623
-84.28554085942889
-84.29658104336814
-84.30751144770065
-84.31833273533557
-84.3290455821264
-84.33965067632224
-84.35014871801712
-84.36054041859686
-84.37082650018624
-84.38100769509788
-84.39108474528456
-84.40105840179282
-84.41092942422351
-84.42069858019771
-84.43036664482815
-84.43993440019717
-84.44940263484447
-84.45877214326084
-84.46804372539242
-84.47721818615308
-84.48629633494708
-84.49527898520142
-84.50416695390881
-84.51296106118096
-84.52166212981295
-84.53027098485896
-84.53878845321775
-84.54721536323169
-84.55555254429537
-84.56380082647661
-84.57196104014929
-84.58003401563674
-84.58802058286756
-84.59592157104254
-84.60373780831323
-84.61147012147232
-84.61911933565389
-84.62668627404749
-84.63417175762085
-84.64157660485489
-84.6489016314892
-84.65614765027799
-84.56331547075695
