-84.35666101055479
-84.36734454781306
-84.377920630779
-84.38838994977961
-84.39875320691807
-84.40901111551395
-84.4191643995404
-84.42921379306483
-84.43916003969224
-84.44900389201142
-84.35874611104691
-65.49856311026961
-3.671412601489213
28.413701268641596
29.66111033451741
30.371921738195777
30.77326550396249
30.868399577827397
29.815664783947714
28.116306652391973
26.71949014301947
25.62012547622862
24.748302340544644
24.051550394719968
23.491106036576994
23.03725155845178
22.66676473985979
22.361419727992008
22.10695308018025
21.892267071409993
21.708790423240863
21.54996869761663
21.410873945729445
21.287930909748727
21.17876094310874
21.082125457071623
20.9978114321331
20.925848570980317
20.86435926444608
20.808304106467123
20.752316182186902
20.69344355752915
20.630814236173492
20.564505393660802
20.494915063187275
20.422520880155442
20.347794621253573
20.271172537779133
20.193046350163463
20.113762203991215
20.033622677606342
19.952889857874947
19.871788674826195
19.790510174015456
19.709214610097618
19.628034329454653
19.54707644273496
19.466425299535782
19.386144780044184
19.30628041775715
19.226861365728002
19.14790221704431
19.0694046887442
18.991359177193356
18.913746192051114
18.836537675298565
18.75969821133115
18.68318613378405
18.60695453452237
18.5309521800573
18.455124340521632
18.379413536234786
18.303760206794784
18.228103307543996
18.1523808381604
18.076530308020057
18.000489142860488
17.9241950371442
17.84758625637846
17.770601893491936
17.693182083201457
17.615268178125994
17.536802890219963
17.457730400907515
17.377996443105264
17.2975483581245
17.216335130247277
17.134307401576002
17.05141746956423
16.96761926944883
16.88286834362237
16.797121799808902
16.710338259739032
16.622477799860107
16.53350188546627
16.443373299490677
16.352056067068474
16.259515376854736
16.165717499965503
16.070629707304033
15.974220185934666
15.876457955078257
15.777312782219337
15.676755099741916
15.574755922442495
15.471286766208632
15.366319568096763
15.25982660799494
15.151780432012867
15.042153777703904
14.930919501190541
14.818050506235876
14.703519675279587
14.587299802434178
14.469363528420677
14.349683277407525
14.228231195704325
14.104979092252279
13.97989838084629
13.852960024017785
13.724134478504688
13.593391642232815
13.460700802733502
13.326030586923796
13.189348912178664
13.050622938629353
12.909819022627982
12.76690267132597
12.621838498322516
12.474590180349868
12.325120414973586
12.173390879299612
12.019362189694789
11.862993862544533
11.70424427608982
11.543070633406645
11.379428926614162
11.21327390242311
11.044559029164093
10.873236465466423
10.699257030791324
10.522570178060178
10.34312396865867
10.160865050139654
9.97573863699442
9.7876884949101
9.596656928982606
9.402584776407076
9.205411404222524
9.005074712741639
8.801511145348094
8.594655705393366
8.384441980966319
8.170802178340464
7.953667164920877
7.732966522509421
7.508628611676408
7.280580647961428
7.048748790515308
6.813058243628921
6.573433371357984
6.329797825134625
6.082074683837426
5.830186605257892
5.574055987235291
5.313605135918107
5.048756437636602
4.779432529729397
4.505556464355669
4.227051857853114
3.9438430165943994
3.6558550285884386
3.3630138083305208
3.065246080707165
2.76247928821677
2.454641404501817
2.1416606363523054
1.8234649960887368
1.4999817267209268
1.1711365636421112
0.8368528189503569
0.49705027782492534
0.151643900676594
-0.19945767011175491
-0.5563537943929115
-0.9191536991242739
-1.287978508075206
-1.662963415856974
-2.0442599825228434
-2.432038523862813
-2.826490574197786
-3.227831403671573
-3.636302581475963
-4.052174590793973
-4.47574952091171
-4.907363886501805
-5.347391651117516
-5.796247555051302
-6.254390853702419
-6.722329539258791
-7.200625016777835
-7.689897012827444
-8.190828222157183
-8.704167923104112
-9.230733659139954
-9.77141023030662
-10.327145678316867
-10.898944515381812
-11.487858882219344
-12.094978453774226
-12.721419753336383
-13.368315231684416
-14.036802179111215
-14.728011364137823
-15.443055259602268
-16.18301580438525
-16.948931820210376
-17.741786421023114
-18.562494986457438
-19.411894494757764
-20.29073520067174
-21.199675777935436
-22.139283103568776
-23.1100378259238
-24.11234672095547
-25.146562601550887
-26.213012212540008
-27.312032134866076
-28.444012249195183
-29.60944576595253
-30.808984164212248
-32.0434944633725
-33.31411484450407
-34.62230257748064
-35.9698665988301
-37.35898330661549
-38.79223226467239
-40.272771782286576
-41.804725873138686
-43.393450340616944
-45.04528613798199
-46.76700907024176
-48.565247082169314
-50.44577212055318
-52.412452963750354
-54.46571035615987
-56.60044247585255
-58.80363748348714
-61.05229474185807
-63.31270158167764
-65.54217501173163
-67.69366464495045
-69.72224665168852
-71.59142869870485
-73.2772567135911
-74.76937163757208
-76.06945837006154
-77.18820815921173
-78.14192074668605
-78.94951930590571
-79.63033550715281
-80.20270126538486
-80.68320450479675
-81.08640905387772
-81.424856405467
-81.70921452780745
-81.94848751820685
-82.15023741612013
-82.3207940848719
-82.46544333437865
-82.58859086833174
-82.69390304668708
-82.78442675718334
-82.8626909967773
-82.93079265672552
-82.99046875838687
-83.04315711595603
-83.09004714797629
-83.13212233165527
-83.17019559218622
-83.20493874059372
-83.23690691539574
-83.26655884358794
-83.29427361362436
-83.32036454584049
-83.34509065289625
-83.3686661029801
-83.39126803038322
-83.41304298028264
-83.43411222587379
-83.45457615513803
-83.47451789040244
-83.49400627544216
-83.5130983412926
-83.53184134241418
-83.55027443871218
-83.56843008559427
-83.58633518326721
-83.60401202743633
-83.62147909611923
-83.6387517011656
-83.65584252803443
-83.67276208323474
-83.68951906542797
-83.7061206733833
-83.72257286167057
-83.73888055307523
-83.75504781515137
-83.77107800704715
-83.78697390166762
-83.80273778736841
-83.81837155264795
-83.83387675671179
-83.84925468829009
-83.86450641468014
-83.87963282265166
-83.89463465257126
-83.90951252687739
-83.92426697384047
-83.93889844738874
-83.95340734364552
-83.96779401472116
-83.98205878020532
-83.99620193673618
-84.01022376595817
-84.02412454112832
-84.037904532588
-84.05156401228332
-84.0651032574843
-84.07852255383129
-84.0918221978128
-84.10500249876627
-84.11806378047486
-84.13100638242386
-84.14383066076844
-84.15653698905741
-84.16912575875196
-84.18159737956819
-84.19395227966999
-84.2061909057386
-84.21831372293295
-84.23032121476068
-84.2422138828712
-84.25399224678445
-84.26565684356314
-84.27720822743964
-84.28864696940312
-84.29997365675307
-84.31118889262632
-84.32229329550093
-84.33328749868187
-84.34417214977184
-84.35494791013016
-84.36561545432212
-84.37617546956383
-84.3866286551606
-84.3969757219444
-84.40721739171003
-84.41735439665248
-84.42738747880637
-84.33731738948924
-65.47865134364746
-4.091269548459232
28.21914881286773
29.493886118271814
30.22717666927762
30.64462808460586
30.740932008375527
29.64812717112719
27.965998860527392
26.58988011283599
25.506349379699927
24.646578719303978
23.959136910591095
23.405947483654664
22.957773390184638
22.591751766196094
22.28993524822803
22.03827865232275
21.82585467301434
21.644223255414243
21.486928445929692
21.349112745592482
21.22724629237793
21.11897215609989
21.02305125613053
20.93925803802648
20.86763694836892
20.80640110060359
20.75061280011873
20.694919365919958
20.6363404901327
20.573986051985216
20.50792780397023
20.438563430342377
20.366371642620443
20.29182552903365
20.215362525074706
20.137375308997726
20.05821074967707
19.978171938642262
19.897521300560495
19.816483963677417
19.735251065274987
19.6539828742661
19.572811698495396
19.491844577806464
19.411165775496958
19.330839083418716
19.250909955276406
19.17140748097116
19.09234621305385
19.013727854812828
18.935542818298774
18.85777165966191
18.780386398490403
18.70335172734285
18.626626117309552
18.5501628251805
18.47391080760841
18.39781554751124
18.321819797840107
18.245864247732506
18.169888115968334
18.0938296765393
18.017626721027604
17.941216962363992
17.864538384396976
17.787529541555507
17.710129812724468
17.632279613280723
17.553920569055517
17.47499565580029
17.395449307539
17.315227496992986
17.234277791064866
17.15254938417038
17.069993112009556
16.986561448176406
16.902208485817514
16.816889906367564
16.730562937215
16.643186299981934
16.554720150944
16.46512601496379
16.374366714170307
16.282406292482303
16.189209936950963
16.094743896780766
15.998975400782102
15.901872573910788
15.803404353460563
15.70354040539277
15.60225104121372
15.49950713574318
15.395280046057485
15.289541531836695
15.182263677297858
15.07341881485337
14.962979450596684
14.85091819168453
14.73720767565652
14.621820501708832
14.504729163917522
14.38590598638968
14.265323060306166
14.14295218280761
14.01876479766658
13.892731937681333
13.76482416872202
13.635011535357167
13.503263507987105
13.36954893141173
13.233835974761792
13.096092082726702
12.95628392801723
12.814377365007509
12.670337384509224
12.524128069640236
12.375712552760632
12.225052973462288
12.072110437611673
11.916844977462166
11.759215512869574
11.59917981366479
11.436694463259569
11.271714823585642
11.104195001494263
10.934087816773422
10.761344771971483
10.585916024252098
10.407750359543195
10.226795169284477
10.042996430122297
9.85629868694832
9.666645039728122
9.473977134618327
9.278235159924094
9.079357847502854
8.877282480272825
8.671944906534899
8.463279561860336
8.25121949933296
8.03569642895633
7.816640767042174
7.593981696376441
7.3676472379083755
7.137564334616615
6.903658948063047
6.665856167939073
6.424080334624809
6.178255174407063
5.928303946517287
5.674149600543258
5.415714942018868
5.152922803094436
4.88569621412309
4.613958570764546
4.337633789809992
4.056646445388211
3.770921875556494
3.480386247560578
3.184966568338698
2.884590625243805
2.5791868405812095
2.268684022548153
1.9530109946678837
1.632096085990264
1.3058664653258325
0.9742473047031439
0.6371607601498424
0.29452476178470094
-0.05374839003843961
-0.4077536203802804
-0.7675948592534275
-1.1333869914777834
-1.5052579582213446
-1.8833509877155834
-2.267826930573478
-2.658866675560032
-3.056673625259574
-3.461476218564967
-3.8735304989749393
-4.293122744874212
-4.720572200307117
-5.156233970886484
-5.600502175087914
-6.0538134565012225
-6.5166509497368486
-6.989548725175268
-7.473096587996339
-7.967944867350634
-8.474808547163574
-8.99446987763982
-9.527778617502259
-10.075649372606634
-10.63905602942467
-11.219023798612154
-11.81661965862261
-12.432941950693351
-13.069109620831679
-13.726251296342591
-14.40549415433007
-15.107952443972996
-15.834715560167128
-16.586835701551337
-17.36531534351033
-18.17109498329154
-19.005041842313183
-19.867940416013077
-20.76048592174238
-21.6832817891213
-22.636842346690205
-23.62160177091996
-24.63793017426999
-25.686157423246776
-26.7666049086796
-27.879625054299733
-29.02564785198093
-30.205233128227157
-31.41912649082158
-32.66831579484288
-33.95408325717561
-35.27804621305129
-36.64218006079925
-38.04883436881896
-39.50081647668462
-41.001676758983336
-42.55610136259699
-44.1699452852344
-45.84979245853656
-47.602386398376886
-49.434020263654745
-51.34970230686288
-53.35190143707838
-55.43876477715406
-57.60187092387833
-59.8239018744698
-62.077056481826745
-64.32334133798825
-66.51761852978846
-68.61322545157289
-70.56860882503044
-72.35278182970598
-73.94805105210187
-75.34979044639066
-76.56409397761253
-77.60448417563764
-78.48865726415359
-79.23584103712582
-79.86496141966089
-80.39355837692335
-80.8372732105327
-81.20971152464395
-81.52252099253741
-81.78557262894978
-82.00717805779955
-82.19430653133324
-82.35278487642
-82.48747432306794
-82.60242353478844
-82.70099949439138
-82.78599869875436
-82.85974121811417
-82.92415000174566
-82.9808175550393
-83.0310618505142
-83.07597309298761
-83.11645274237219
-83.15324600520275
-83.1869688355705
-83.21813033547306
-83.24715131196535
-83.27437963248028
-83.30010291892827
-83.32455903433132
-83.34794474142221
-83.37042284946116
-83.392128112142
-83.41317209458443
-83.43364718985498
-83.45362993415361
-83.47318374378114
-83.49236117542713
-83.5112057934782
-83.52975371329602
-83.5480348772659
-83.56607411038942
-83.58389199394307
-83.60150558893474
-83.6189290355019
-83.63617404979065
-83.65325033607797
-83.67016592878252
-83.68692747644833
-83.70354047767353
-83.72000947722574
-83.73633822914566
-83.75252983247015
-83.7685868442263
-83.78451137354969
-83.80030516011519
-83.81596963952462
-83.83150599784184
-83.84691521709141
-83.8621981132307
-83.87735536784639
-83.8923875546171
-83.90729516140753
-83.92207860871093
-83.93673826504327
-83.95127445978505
-83.96568749388628
-83.97997764878333
-83.994145193814
-84.0081903923742
-84.02211350701756
-84.03591480366458
-84.04959455506567
-84.06315304363328
-84.07659056374253
-84.08990742358465
-84.1031039466408
-84.1161804728365
-84.12913735942372
-84.14197498163493
-84.15469373314055
-84.16729402634229
-84.17977629252543
-84.19214098189164
-84.20438856349024
-84.2165195250639
-84.22853437281977
-84.2404336311389
-84.25221784223281
-84.26388756575585
-84.27544337837871
-84.28688587333143
-84.29821565991953
-84.30943336301866
-84.3205396225501
-84.33153509294445
-84.3424204425918
-84.35319635328403
-84.363863519651
-84.37442264859276
-84.38487445870925
-84.39521967972955
-84.40545905194239
-84.41559332562846
-84.32562326049661
-65.46590305642643
-3.932467386935476
28.22428110390678
29.505004459602738
30.241101499080592
30.658841419683753
30.744715456989475
29.60260355215571
27.917532037698006
26.54696118070336
25.46939862699494
24.615352786301997
23.933286126192016
23.385084408658702
22.94150638626014
22.57970876137298
22.281777714200214
22.033707344761396
21.824609598226502
21.646080040612695
21.491692601039205
21.35661259224671
21.237324725624433
21.13147710654258
21.03782595081171
20.95613961496782
20.886489409164923
20.827182600966886
20.773354323462865
20.71961002537012
20.662897652620213
20.6022924229038
20.537860343147102
20.47000470271352
20.39921302989771
20.32596760888578
20.250714535765397
20.173854361946077
20.09574102460953
20.016683941961336
19.93695120910544
19.856773053775015
19.77634521911104
19.69583215355273
19.61536997562283
19.535069215673644
19.455017348407
19.37528113256818
19.295908773382802
19.216931921457984
19.138367519953704
19.06021951017569
18.98248040442046
18.905132733892422
18.82815037875734
18.75149978684124
18.675141087076426
18.59902910349662
18.52311427535869
18.447343488792484
18.37166082523664
18.29600823178905
18.220326118479402
18.144553887347605
18.068630398083638
17.992494374846547
17.916084758732236
17.839341010201743
17.762203365612134
17.684613051815006
17.60651246260044
17.527845300572356
17.44855668784473
17.368593248747842
17.287903167533205
17.206436223867133
17.12414380870386
17.04097892293693
16.95689616103862
16.871851681713785
16.785803167420823
16.69870977444294
16.6105320750346
16.52123199301673
16.43077273405244
16.339118711702355
16.246235470234627
16.152089605049824
16.056648681475455
15.959881152586362
15.861756276618753
15.762244034464238
15.661315047655906
15.558940497192209
15.455092043484319
15.34974174765875
15.242861994399444
15.13442541647085
15.024404821026339
14.912773117773455
14.799503249040216
14.684568121757932
14.567940541362837
14.449593147592967
14.329498352147308
14.207628278160291
14.083954701435756
13.95844899337714
13.83108206554575
13.701824315775555
13.570645575771762
13.437515060120473
13.302401316638704
13.165272177997071
13.026094714552668
12.884835188335124
12.741459008137046
12.595930685668579
12.44821379274644
12.298270919499693
12.14606363358823
11.991552440444826
11.834696744569309
11.675454811921904
11.513783733484022
11.3496393900786
11.182976418567362
11.013748179571007
10.841906726889887
10.66740277883602
10.490185691725218
10.31020343581743
10.127402574037609
9.941728243854566
9.753124142745147
9.561532517721993
9.366894159456125
9.169148401579896
8.968233125808823
8.764084773572884
8.556638364894146
8.345827525288087
8.131584521494016
7.913840306853643
7.692524577148371
7.467565837669102
7.238891482218831
7.006427884628922
6.770100503190425
6.52983399815344
6.285552362111228
6.037179062649342
5.784637196085722
5.527849650438461
5.266739274920928
5.001229052265822
4.731242269014486
4.456702677575799
4.177534642372451
3.893663260776013
3.605014447830669
3.311514972040367
3.0130924278337443
2.7096751288343044
2.4011919048824413
2.0875717850283366
1.7687435485970535
1.4446351270690998
1.1151728410506845
0.7802804591098079
0.43987806874824054
0.09388075420079339
-0.2578029190663392
-0.6152726076211237
-0.9786380697911921
-1.3480212051568496
-1.7235582326672891
-2.1054019833345405
-2.4937242827620256
-2.8887184009500877
-3.290601552592709
-3.6996174411470704
-4.11603885495313
-4.540170343910935
-4.9723510300533045
-5.4129576319554245
-5.862407804170988
-6.321163894563921
-6.789737181395185
-7.268692539591033
-7.758653282283667
-8.26030564849027
-8.774402147569656
-9.301762871964353
-9.843274077174723
-10.399883791458718
-10.972594772533695
-11.562455523772902
-12.17055017154243
-12.79798782213803
-13.445891711694486
-14.115388188813748
-14.807595415355944
-15.523611654161174
-16.264503110185686
-17.031291466694086
-17.824941475305877
-18.646349188155476
-19.496331637032977
-20.375618945249055
-21.28484998145203
-22.22457271110613
-23.195250355532163
-24.1972743222164
-25.23098462470756
-26.296698176213987
-27.394744933726358
-28.525511401123364
-29.68949046216272
-30.88733585309838
-32.11991866366355
-33.388381840949016
-34.694186627839876
-36.03914344668147
-37.425426788267316
-38.85561363719872
-40.33286686893258
-41.86132265379599
-43.44633676763137
-45.09422197739194
-46.81170131672126
-48.605332711201974
-50.480804702078004
-52.44189385927297
-54.48893061902461
-56.61674589565677
-58.81231681455506
-61.0527278028543
-63.30447757770756
-65.5252177186662
-67.66830436328546
-69.68920546631253
-71.55172110312415
-73.23204336709873
-74.71981449757938
-76.01661179925009
-77.13295882738127
-78.08497176506305
-78.8914050262857
-79.57145181796139
-80.14333929250823
-80.62358041956115
-81.02668701708754
-81.36516455143502
-81.64965529707509
-81.88914401362717
-82.09117726645486
-82.26207190766418
-82.40710249682286
-82.53066493645397
-82.63641710606974
-82.72739866738894
-82.80613258164365
-82.87471081054936
-82.93486644614099
-82.98803425262646
-83.03540135129356
-83.07794955066055
-83.11649062004192
-83.15169562367953
-83.18411927240321
-83.21422010856364
-83.24237721619002
-83.2689040405589
-83.29405980823151
-83.31805895873278
-83.34107893098056
-83.36326658994581
-83.38474353049553
-83.40561045469167
-83.42595078485991
-83.44583364648733
-83.46531633155999
-83.48444633353515
-83.5032630291045
-83.52179906865753
-83.54008152643792
-83.55813285239357
-83.57597166031805
-83.59361338078418
-83.6110708023586
-83.62835452045671
-83.64547330980963
-83.6624344337107
-83.67924390091568
-83.69590667917592
-83.71242687281999
-83.72880787051632
-83.74505246828657
-83.76116297196948
-83.77714128260527
-83.79298896762357
-83.80870732021893
-83.82429740889255
-83.83976011880343
-83.85509618629158
-83.87030622770776
-83.88539076348911
-83.90035023826789
-83.91518503765977
-83.92989550227927
-83.94448193943275
-83.95894463286498
-83.97328385087638
-83.98749985306968
-84.00159289594944
-84.01556323755482
-84.02941114127988
-84.04313687900972
-84.05674073367948
-84.07022300134712
-84.08358399285417
-84.09682403513892
-84.10994347225574
-84.12294266614434
-84.13582199718724
-84.1485818645877
-84.1612226865948
-84.17374490059915
-84.18614896311747
-84.19843534968277
-84.21060455465492
-84.22265709096304
-84.23459348979023
-84.24641430020846
-84.25812008877234
-84.26971143907824
-84.2811889512932
-84.29255324165985
-84.30380494198074
-84.31494469908671
-84.32597317429155
-84.3368910428365
-84.34769899332687
-84.35839772716415
-84.36898795797275
-84.3794704110271
-84.38984582267719
-84.40011493977602
-84.31027851910954
-65.45104849962307
-4.106761276397913
28.12069919479806
29.41830521536459
30.1675333116309
30.594043544625546
30.67599984151538
29.49835178004606
27.822713082500023
26.464867867734448
25.39750566129168
24.551581420374426
23.876079685037308
23.333239172272023
22.894072580028272
22.535933392587534
22.241065714664128
21.99559118150692
21.78872377909103
21.61213918139221
21.45947232834873
21.32593257533321
21.20803296678233
21.103434576914836
21.010891816962587
20.930163708636428
20.8613345660707
20.802784809803413
20.74972686944742
20.696763440620693
20.640805389379032
20.580907017004137
20.517129427938233
20.44987745279112
20.379641993355115
20.30690897056013
20.232127885247507
20.155702324759623
20.077988881864695
19.999299282327115
19.919903626009877
19.84003388856782
19.75988734631859
19.67962980292879
19.59939858559604
19.519305313207067
19.43943845086362
19.359865667770325
19.28063601460394
19.201781934573887
19.12332112040601
19.045258227768283
18.967586454285605
18.89028899223545
18.813340362223034
18.736707634546047
18.660351544524165
18.584227507743723
18.50828654092204
18.432476093903087
18.35674079813336
18.281023136826207
18.205264041887318
18.12940342254021
18.05338063045221
17.977134866015668
17.90060553028327
17.82373252689216
17.74645651813691
17.668719139168417
17.59046317410601
17.51163269765411
17.432173185615408
17.35203159749017
17.271156434149248
17.18949777336701
17.107007285802236
17.023638233820098
16.939345455359533
16.854085334867637
16.76781576314635
16.680496087790008
16.592087055732126
16.50255074926924
16.411850516788522
16.319950899292675
16.226817553692634
16.132417173724278
16.036717409238502
15.939686784519045
15.841294616191332
15.741510931206165
15.640306385307941
15.537652182330923
15.433519994607332
15.327881884717753
15.220710228766583
15.111977641323449
15.001656902134032
14.889720884671355
14.776142486571915
14.660894561971217
14.543949855742326
14.425280939613446
14.304860150132106
14.18265952842999
14.058650761732968
13.93280512655422
13.805093433503334
13.675485973640884
13.543952466306978
13.41046200835284
13.274983024705822
13.137483220202382
12.99792953262777
12.856288086908018
12.712524150407383
12.566602089293292
12.418485325941976
12.268136297369846
12.115516414689495
11.960586023605016
11.803304365978414
11.643629542518466
11.481518476664961
11.316926879764793
11.149809217662847
10.980118678859563
10.807807144418417
10.632825159841536
10.455121909168806
10.274645191596736
10.091341400957404
9.905155508443503
9.716031049015855
9.52391011198072
9.328733336277377
9.130439911070571
8.928967582294883
8.724252665849349
8.516230068185253
8.304833315068729
8.089994589325054
7.871644778380935
7.6497135324077785
7.424129333825738
7.1948195788467215
6.961710671604633
6.7247281312297424
6.483796711960861
6.238840536035658
5.9897832386428735
5.736548123643118
5.4790583280517895
5.2172369924130075
4.9510074331683525
4.680293311931737
4.405018795225155
4.125108696723519
3.840488592427451
3.551084897481287
3.2568248916413642
2.9576366787730715
2.653449064324348
2.3441913336235753
2.0297929132317862
1.710182897596388
1.3852894240533467
1.0550388809288427
0.7193549361698433
0.37815737759404994
0.03136076040915646
-0.32112713707684387
-0.6794070429412736
-1.0435900940042995
-1.413799893497018
-1.7901747022800685
-2.1728697393110012
-2.56205956682573
-2.95794053845384
-3.360733294928376
-3.7706853028732397
-4.188073447951791
-4.61320671463143
-5.046429010065012
-5.488122215749119
-5.938709569619295
-6.398659477559887
-6.868489802635339
-7.348772554352096
-7.840138683728437
-8.343282411388408
-8.858964273408771
-9.388012011880953
-9.93131867356704
-10.489837770874333
-11.064575900169464
-11.65658356095227
-12.266944958187006
-12.896767357988045
-13.547170260408485
-14.219274396534574
-14.914190425566535
-15.633007210664134
-16.376779663415366
-17.14651632883555
-17.943167101529163
-18.76761169047214
-19.620649660365206
-20.502993049244743
-21.41526267382674
-22.357989267000264
-23.331620531793362
-24.336535036313204
-25.37306361726281
-26.441518617105597
-27.542230867626706
-28.67559386092019
-29.842114005374835
-31.042465186733722
-32.27754489521213
-33.54852770104319
-34.856909790668645
-36.20453725926471
-37.59362016284819
-39.026780086540676
-40.507258772697234
-42.039313225525625
-43.62841063848332
-45.28091445747646
-47.003532113908044
-48.80273876526051
-50.684050647740854
-52.65094220393604
-54.70326510879948
-56.83516094556497
-59.03271891437818
-61.27203578462764
-63.51872946623609
-65.72994980123737
-67.85915062025875
-69.86253744306016
-71.70511397109863
-73.3644444540926
-74.83142822941066
-76.10860575992683
-77.20711197086514
-78.14335456708547
-78.93613706031198
-79.60454548633177
-80.16661652383635
-80.63864110099641
-81.03490897469692
-81.36771989955761
-81.64753343635083
-81.88317585299511
-82.08205805695893
-82.25038167883729
-82.39332388940095
-82.51519857098299
-82.61959474310544
-82.7094944309322
-82.78737249764987
-82.85528088449749
-82.91491947731286
-82.96769555990157
-83.0147735653804
-83.05711660987862
-83.09552109042055
-83.13064544898396
-83.1630340456835
-83.19313694400064
-83.22132628844052
-83.24790984851012
-83.27314221104768
-83.29723402425005
-83.32035962979968
-83.34266336287435
-83.3642647521892
-83.38526281231991
-83.40573958727357
-83.42576307658713
-83.44538965226872
-83.46466605588904
-83.48363104942183
-83.50231678047012
-83.52074991183007
-83.53895255653654
-83.55694305229319
-83.57473660321735
-83.59234581192338
-83.60978112092907
-83.62705117904059
-83.64416314563736
-83.66112294352405
-83.6779354691575
-83.69460476753308
-83.71113417774741
-83.72752645421788
-83.74378386768298
-83.75990828939565
-83.77590126133923
-83.79176405481257
-83.80749771932813
-83.82310312344089
-83.83858098884828
-83.85393191887557
-83.86915642227484
-83.8842549331078
-83.89922782735525
-83.91407543678703
-83.92879806053864
-83.94339597476623
-83.9578694406904
-83.97221871128657
-83.9864440368386
-84.00054566953811
-84.014523867277
-84.0283788967649
-84.04211103607295
-84.05572057669544
-84.06920782520358
-84.08257310455481
-84.09581675510832
-84.10893913539277
-84.12194062266343
-84.1348216132807
-84.14758252293574
-84.16022378674663
-84.17274585924429
-84.185149214264
-84.19743434475667
-84.20960176253216
-84.22165199794324
-84.23358559952169
-84.24540313357116
-84.257105183725
-84.26869235047506
-84.28016525067461
-84.29152451702024
-84.30277079751836
-84.31390475493633
-84.32492706624525
-84.33583842205172
-84.34663952602575
-84.3573310943245
-84.36791385501375
-84.3783885474882
-84.38875592189486
-84.29901673855706
